"seq ID","A1","R1","R2","R3","R4","R5","N1"
"1","1","2","2","2","2","1","N1=2,N2=2,N3=2,N4=2,N5=2,N6=1,N7=2,N8=2,N9=2,N10=1"
"1","1","2","2","2","2","1","N1=2,N2=1,N3=1,N4=2,N5=2,N6=2,N7=1,N8=1,N9=1,N10=1"
"1","1","2","2","2","2","1","N1=2,N2=1,N3=1,N4=2,N5=2,N6=2,N7=2,N8=1,N9=1,N10=1"
"1","1","2","2","2","2","1","N1=2,N2=2,N3=1,N4=1,N5=2,N6=2,N7=1,N8=1,N9=2,N10=1"
"1","1","2","2","2","2","1","N1=1,N2=1,N3=1,N4=2,N5=2,N6=2,N7=1,N8=2,N9=2,N10=1"
"1","1","2","2","2","2","1","N1=1,N2=2,N3=1,N4=2,N5=1,N6=2,N7=1,N8=2,N9=1,N10=1"
"1","1","2","2","2","2","1","N1=2,N2=1,N3=1,N4=2,N5=1,N6=2,N7=1,N8=2,N9=1,N10=1"
"1","1","2","2","2","2","1","N1=1,N2=1,N3=2,N4=1,N5=2,N6=1,N7=2,N8=1,N9=1,N10=1"
"1","1","2","2","2","2","1","N1=1,N2=2,N3=1,N4=1,N5=1,N6=2,N7=1,N8=1,N9=2,N10=2"
"1","1","2","2","2","2","1","N1=1,N2=1,N3=2,N4=2,N5=1,N6=1,N7=1,N8=2,N9=2,N10=1"
"2","1","2","2","1","2","1","N1=2,N2=2,N3=2,N4=2,N5=1,N6=2,N7=1,N8=1,N9=2,N10=1"
"2","1","2","2","1","2","1","N1=1,N2=1,N3=2,N4=1,N5=2,N6=2,N7=2,N8=2,N9=1,N10=1"
"2","1","2","2","1","2","1","N1=1,N2=1,N3=2,N4=2,N5=2,N6=2,N7=2,N8=2,N9=2,N10=1"
"2","1","2","2","1","2","1","N1=1,N2=1,N3=1,N4=1,N5=1,N6=2,N7=1,N8=1,N9=1,N10=1"
"2","1","2","2","1","2","1","N1=2,N2=2,N3=1,N4=1,N5=1,N6=1,N7=1,N8=2,N9=1,N10=1"
"2","1","2","2","1","2","1","N1=1,N2=1,N3=2,N4=2,N5=2,N6=1,N7=2,N8=2,N9=2,N10=1"
"2","1","2","2","1","2","1","N1=1,N2=1,N3=1,N4=2,N5=1,N6=2,N7=2,N8=2,N9=1,N10=2"
"2","1","2","2","1","2","1","N1=1,N2=1,N3=1,N4=1,N5=2,N6=1,N7=2,N8=2,N9=1,N10=1"
"2","1","2","2","1","2","1","N1=2,N2=1,N3=1,N4=2,N5=2,N6=2,N7=2,N8=2,N9=2,N10=2"
"2","1","2","2","1","2","1","N1=1,N2=1,N3=1,N4=2,N5=1,N6=2,N7=2,N8=2,N9=1,N10=1"
"3","1","2","2","1","2","2","N1=1,N2=2,N3=2,N4=2,N5=1,N6=1,N7=2,N8=2,N9=2,N10=1"
"3","1","2","2","1","2","2","N1=1,N2=1,N3=1,N4=1,N5=2,N6=1,N7=1,N8=1,N9=1,N10=1"
"3","1","2","2","1","2","2","N1=1,N2=1,N3=2,N4=2,N5=1,N6=2,N7=2,N8=1,N9=2,N10=2"
"3","1","2","2","1","2","2","N1=2,N2=1,N3=2,N4=2,N5=2,N6=1,N7=2,N8=1,N9=2,N10=1"
"3","1","2","2","1","2","2","N1=1,N2=1,N3=1,N4=1,N5=2,N6=2,N7=1,N8=1,N9=1,N10=1"
"3","1","2","2","1","2","2","N1=1,N2=1,N3=1,N4=2,N5=1,N6=2,N7=1,N8=1,N9=2,N10=1"
"3","1","2","2","1","2","2","N1=2,N2=1,N3=2,N4=2,N5=1,N6=2,N7=2,N8=1,N9=1,N10=2"
"3","1","2","2","1","2","2","N1=2,N2=1,N3=2,N4=2,N5=2,N6=1,N7=2,N8=1,N9=1,N10=1"
"3","1","2","2","1","2","2","N1=2,N2=2,N3=1,N4=1,N5=1,N6=2,N7=2,N8=2,N9=1,N10=1"
"3","1","2","2","1","2","2","N1=1,N2=1,N3=2,N4=2,N5=2,N6=1,N7=1,N8=2,N9=2,N10=2"
"4","1","2","1","2","1","2","N1=1,N2=1,N3=2,N4=2,N5=2,N6=2,N7=1,N8=2,N9=2,N10=1"
"4","1","2","1","2","1","2","N1=1,N2=1,N3=2,N4=2,N5=2,N6=2,N7=2,N8=1,N9=1,N10=1"
"4","1","2","1","2","1","2","N1=1,N2=1,N3=2,N4=2,N5=2,N6=2,N7=1,N8=2,N9=1,N10=2"
"4","1","2","1","2","1","2","N1=2,N2=1,N3=1,N4=1,N5=2,N6=1,N7=1,N8=2,N9=2,N10=1"
"4","1","2","1","2","1","2","N1=2,N2=1,N3=1,N4=1,N5=2,N6=2,N7=1,N8=1,N9=1,N10=1"
"4","1","2","1","2","1","2","N1=2,N2=1,N3=2,N4=2,N5=2,N6=2,N7=2,N8=2,N9=2,N10=1"
"4","1","2","1","2","1","2","N1=2,N2=1,N3=2,N4=2,N5=1,N6=2,N7=2,N8=2,N9=1,N10=2"
"4","1","2","1","2","1","2","N1=2,N2=1,N3=2,N4=2,N5=1,N6=1,N7=1,N8=1,N9=1,N10=2"
"4","1","2","1","2","1","2","N1=2,N2=1,N3=1,N4=2,N5=2,N6=1,N7=1,N8=1,N9=1,N10=2"
"4","1","2","1","2","1","2","N1=1,N2=2,N3=2,N4=1,N5=2,N6=2,N7=2,N8=1,N9=1,N10=1"
"5","1","1","1","1","2","1","N1=2,N2=2,N3=2,N4=1,N5=2,N6=2,N7=2,N8=2,N9=2,N10=1"
"5","1","1","1","1","2","1","N1=1,N2=1,N3=1,N4=1,N5=1,N6=2,N7=2,N8=1,N9=2,N10=2"
"5","1","1","1","1","2","1","N1=2,N2=2,N3=1,N4=2,N5=1,N6=1,N7=1,N8=2,N9=2,N10=1"
"5","1","1","1","1","2","1","N1=2,N2=1,N3=2,N4=1,N5=2,N6=1,N7=2,N8=1,N9=2,N10=2"
"5","1","1","1","1","2","1","N1=2,N2=1,N3=2,N4=2,N5=2,N6=1,N7=2,N8=1,N9=2,N10=1"
"5","1","1","1","1","2","1","N1=1,N2=1,N3=1,N4=1,N5=1,N6=2,N7=2,N8=1,N9=1,N10=2"
"5","1","1","1","1","2","1","N1=1,N2=1,N3=1,N4=2,N5=2,N6=1,N7=1,N8=1,N9=1,N10=1"
"5","1","1","1","1","2","1","N1=2,N2=1,N3=1,N4=2,N5=2,N6=2,N7=1,N8=1,N9=1,N10=2"
"5","1","1","1","1","2","1","N1=1,N2=2,N3=2,N4=2,N5=2,N6=1,N7=1,N8=1,N9=2,N10=1"
"5","1","1","1","1","2","1","N1=2,N2=2,N3=1,N4=2,N5=2,N6=2,N7=1,N8=1,N9=1,N10=1"
"6","1","2","1","2","1","2","N1=2,N2=2,N3=2,N4=2,N5=2,N6=2,N7=1,N8=2,N9=2,N10=2"
"6","1","2","1","2","1","2","N1=1,N2=1,N3=1,N4=2,N5=1,N6=2,N7=1,N8=1,N9=1,N10=2"
"6","1","2","1","2","1","2","N1=1,N2=1,N3=1,N4=2,N5=2,N6=1,N7=1,N8=1,N9=2,N10=2"
"6","1","2","1","2","1","2","N1=2,N2=2,N3=1,N4=2,N5=2,N6=2,N7=1,N8=1,N9=2,N10=1"
"6","1","2","1","2","1","2","N1=1,N2=2,N3=1,N4=1,N5=1,N6=2,N7=1,N8=1,N9=1,N10=2"
"6","1","2","1","2","1","2","N1=1,N2=1,N3=2,N4=2,N5=1,N6=1,N7=2,N8=2,N9=2,N10=1"
"6","1","2","1","2","1","2","N1=1,N2=1,N3=1,N4=1,N5=1,N6=2,N7=1,N8=1,N9=2,N10=2"
"6","1","2","1","2","1","2","N1=2,N2=2,N3=2,N4=1,N5=2,N6=2,N7=2,N8=1,N9=2,N10=2"
"6","1","2","1","2","1","2","N1=1,N2=1,N3=1,N4=2,N5=2,N6=1,N7=1,N8=1,N9=1,N10=1"
"6","1","2","1","2","1","2","N1=2,N2=1,N3=2,N4=2,N5=1,N6=2,N7=2,N8=2,N9=1,N10=1"
"7","1","2","2","2","2","1","N1=2,N2=2,N3=2,N4=2,N5=1,N6=1,N7=2,N8=2,N9=2,N10=1"
"7","1","2","2","2","2","1","N1=1,N2=1,N3=1,N4=1,N5=2,N6=2,N7=2,N8=1,N9=1,N10=1"
"7","1","2","2","2","2","1","N1=2,N2=1,N3=1,N4=2,N5=1,N6=2,N7=2,N8=1,N9=1,N10=2"
"7","1","2","2","2","2","1","N1=2,N2=1,N3=2,N4=2,N5=2,N6=2,N7=1,N8=2,N9=1,N10=1"
"7","1","2","2","2","2","1","N1=2,N2=1,N3=2,N4=1,N5=1,N6=2,N7=2,N8=1,N9=1,N10=2"
"7","1","2","2","2","2","1","N1=1,N2=1,N3=2,N4=2,N5=2,N6=1,N7=1,N8=1,N9=1,N10=1"
"7","1","2","2","2","2","1","N1=1,N2=2,N3=1,N4=2,N5=1,N6=2,N7=1,N8=1,N9=1,N10=1"
"7","1","2","2","2","2","1","N1=1,N2=2,N3=2,N4=2,N5=2,N6=2,N7=1,N8=2,N9=1,N10=1"
"7","1","2","2","2","2","1","N1=1,N2=1,N3=1,N4=1,N5=1,N6=2,N7=1,N8=1,N9=2,N10=2"
"7","1","2","2","2","2","1","N1=1,N2=2,N3=1,N4=1,N5=2,N6=1,N7=1,N8=1,N9=1,N10=2"
"8","1","2","1","1","2","1","N1=1,N2=2,N3=2,N4=1,N5=1,N6=2,N7=2,N8=2,N9=2,N10=1"
"8","1","2","1","1","2","1","N1=1,N2=1,N3=2,N4=2,N5=1,N6=2,N7=2,N8=2,N9=2,N10=2"
"8","1","2","1","1","2","1","N1=2,N2=1,N3=1,N4=1,N5=1,N6=1,N7=1,N8=2,N9=1,N10=2"
"8","1","2","1","1","2","1","N1=1,N2=1,N3=1,N4=2,N5=2,N6=1,N7=1,N8=2,N9=2,N10=2"
"8","1","2","1","1","2","1","N1=2,N2=1,N3=2,N4=2,N5=1,N6=1,N7=2,N8=1,N9=2,N10=1"
"8","1","2","1","1","2","1","N1=2,N2=2,N3=2,N4=2,N5=1,N6=2,N7=2,N8=1,N9=2,N10=2"
"8","1","2","1","1","2","1","N1=1,N2=1,N3=2,N4=2,N5=1,N6=1,N7=2,N8=2,N9=2,N10=1"
"8","1","2","1","1","2","1","N1=1,N2=2,N3=2,N4=2,N5=2,N6=2,N7=1,N8=2,N9=1,N10=2"
"8","1","2","1","1","2","1","N1=2,N2=2,N3=2,N4=1,N5=2,N6=2,N7=2,N8=1,N9=1,N10=1"
"8","1","2","1","1","2","1","N1=2,N2=1,N3=1,N4=2,N5=2,N6=2,N7=2,N8=1,N9=1,N10=1"
"9","1","1","2","1","2","1","N1=2,N2=2,N3=2,N4=2,N5=1,N6=2,N7=2,N8=2,N9=2,N10=1"
"9","1","1","2","1","2","1","N1=2,N2=2,N3=2,N4=2,N5=2,N6=2,N7=1,N8=2,N9=1,N10=1"
"9","1","1","2","1","2","1","N1=2,N2=1,N3=2,N4=2,N5=2,N6=2,N7=2,N8=2,N9=2,N10=1"
"9","1","1","2","1","2","1","N1=2,N2=1,N3=2,N4=2,N5=2,N6=2,N7=2,N8=1,N9=1,N10=1"
"9","1","1","2","1","2","1","N1=2,N2=2,N3=2,N4=2,N5=1,N6=2,N7=2,N8=2,N9=1,N10=2"
"9","1","1","2","1","2","1","N1=1,N2=1,N3=1,N4=1,N5=2,N6=1,N7=2,N8=2,N9=1,N10=1"
"9","1","1","2","1","2","1","N1=1,N2=1,N3=2,N4=2,N5=1,N6=2,N7=1,N8=1,N9=2,N10=2"
"9","1","1","2","1","2","1","N1=1,N2=2,N3=2,N4=1,N5=1,N6=1,N7=2,N8=2,N9=1,N10=2"
"9","1","1","2","1","2","1","N1=1,N2=2,N3=1,N4=2,N5=1,N6=1,N7=1,N8=1,N9=2,N10=2"
"9","1","1","2","1","2","1","N1=2,N2=1,N3=2,N4=2,N5=2,N6=1,N7=2,N8=1,N9=1,N10=2"
"10","1","1","1","1","2","2","N1=1,N2=2,N3=2,N4=2,N5=2,N6=2,N7=1,N8=2,N9=2,N10=2"
"10","1","1","1","1","2","2","N1=2,N2=1,N3=2,N4=1,N5=1,N6=1,N7=2,N8=2,N9=2,N10=1"
"10","1","1","1","1","2","2","N1=1,N2=2,N3=2,N4=2,N5=1,N6=2,N7=2,N8=2,N9=1,N10=2"
"10","1","1","1","1","2","2","N1=2,N2=1,N3=2,N4=2,N5=1,N6=1,N7=1,N8=1,N9=2,N10=2"
"10","1","1","1","1","2","2","N1=1,N2=1,N3=1,N4=1,N5=2,N6=1,N7=1,N8=1,N9=1,N10=1"
"10","1","1","1","1","2","2","N1=2,N2=1,N3=1,N4=1,N5=2,N6=2,N7=1,N8=1,N9=2,N10=2"
"10","1","1","1","1","2","2","N1=1,N2=2,N3=1,N4=2,N5=1,N6=1,N7=1,N8=2,N9=2,N10=2"
"10","1","1","1","1","2","2","N1=2,N2=1,N3=1,N4=2,N5=1,N6=1,N7=1,N8=1,N9=1,N10=1"
"10","1","1","1","1","2","2","N1=2,N2=1,N3=1,N4=2,N5=1,N6=2,N7=1,N8=1,N9=1,N10=2"
"10","1","1","1","1","2","2","N1=2,N2=1,N3=2,N4=1,N5=1,N6=1,N7=2,N8=2,N9=1,N10=2"
"11","1","1","1","1","1","1","N1=2,N2=1,N3=2,N4=2,N5=2,N6=1,N7=1,N8=2,N9=2,N10=1"
"11","1","1","1","1","1","1","N1=2,N2=1,N3=2,N4=1,N5=2,N6=2,N7=2,N8=1,N9=1,N10=1"
"11","1","1","1","1","1","1","N1=1,N2=1,N3=1,N4=1,N5=1,N6=2,N7=2,N8=2,N9=2,N10=2"
"11","1","1","1","1","1","1","N1=1,N2=2,N3=2,N4=1,N5=1,N6=1,N7=1,N8=1,N9=2,N10=2"
"11","1","1","1","1","1","1","N1=2,N2=2,N3=1,N4=1,N5=2,N6=1,N7=1,N8=1,N9=2,N10=1"
"11","1","1","1","1","1","1","N1=2,N2=1,N3=2,N4=1,N5=2,N6=2,N7=1,N8=1,N9=2,N10=2"
"11","1","1","1","1","1","1","N1=2,N2=2,N3=2,N4=2,N5=1,N6=2,N7=2,N8=2,N9=2,N10=2"
"11","1","1","1","1","1","1","N1=2,N2=1,N3=2,N4=2,N5=1,N6=1,N7=2,N8=1,N9=1,N10=2"
"11","1","1","1","1","1","1","N1=2,N2=1,N3=1,N4=1,N5=1,N6=1,N7=1,N8=1,N9=1,N10=2"
"11","1","1","1","1","1","1","N1=2,N2=1,N3=2,N4=2,N5=2,N6=1,N7=2,N8=1,N9=1,N10=2"
"12","1","2","2","2","2","2","N1=2,N2=1,N3=2,N4=2,N5=1,N6=1,N7=2,N8=2,N9=2,N10=1"
"12","1","2","2","2","2","2","N1=2,N2=1,N3=2,N4=2,N5=1,N6=1,N7=1,N8=1,N9=1,N10=1"
"12","1","2","2","2","2","2","N1=2,N2=1,N3=1,N4=1,N5=1,N6=2,N7=1,N8=1,N9=1,N10=2"
"12","1","2","2","2","2","2","N1=2,N2=1,N3=2,N4=2,N5=2,N6=1,N7=2,N8=1,N9=2,N10=1"
"12","1","2","2","2","2","2","N1=1,N2=1,N3=1,N4=1,N5=1,N6=2,N7=2,N8=2,N9=2,N10=2"
"12","1","2","2","2","2","2","N1=1,N2=2,N3=2,N4=2,N5=2,N6=1,N7=2,N8=1,N9=2,N10=2"
"12","1","2","2","2","2","2","N1=2,N2=1,N3=2,N4=2,N5=1,N6=2,N7=2,N8=1,N9=1,N10=2"
"12","1","2","2","2","2","2","N1=2,N2=1,N3=2,N4=2,N5=2,N6=1,N7=2,N8=1,N9=2,N10=2"
"12","1","2","2","2","2","2","N1=1,N2=2,N3=2,N4=2,N5=1,N6=2,N7=2,N8=1,N9=1,N10=2"
"12","1","2","2","2","2","2","N1=1,N2=1,N3=2,N4=2,N5=1,N6=1,N7=1,N8=2,N9=1,N10=2"
"13","1","1","1","1","1","2","N1=2,N2=1,N3=2,N4=2,N5=2,N6=1,N7=1,N8=2,N9=2,N10=1"
"13","1","1","1","1","1","2","N1=2,N2=2,N3=2,N4=2,N5=2,N6=2,N7=2,N8=2,N9=2,N10=1"
"13","1","1","1","1","1","2","N1=2,N2=2,N3=2,N4=2,N5=1,N6=2,N7=1,N8=2,N9=2,N10=2"
"13","1","1","1","1","1","2","N1=2,N2=1,N3=2,N4=1,N5=2,N6=1,N7=2,N8=2,N9=1,N10=1"
"13","1","1","1","1","1","2","N1=2,N2=1,N3=1,N4=1,N5=2,N6=2,N7=2,N8=1,N9=2,N10=2"
"13","1","1","1","1","1","2","N1=2,N2=1,N3=1,N4=2,N5=1,N6=1,N7=2,N8=2,N9=2,N10=1"
"13","1","1","1","1","1","2","N1=1,N2=1,N3=1,N4=1,N5=1,N6=1,N7=2,N8=2,N9=2,N10=2"
"13","1","1","1","1","1","2","N1=1,N2=2,N3=1,N4=2,N5=2,N6=1,N7=1,N8=2,N9=2,N10=2"
"13","1","1","1","1","1","2","N1=2,N2=1,N3=1,N4=2,N5=1,N6=1,N7=1,N8=1,N9=1,N10=2"
"13","1","1","1","1","1","2","N1=2,N2=2,N3=1,N4=2,N5=2,N6=1,N7=2,N8=1,N9=1,N10=2"
"14","1","2","2","2","2","1","N1=2,N2=2,N3=2,N4=2,N5=1,N6=1,N7=2,N8=2,N9=2,N10=1"
"14","1","2","2","2","2","1","N1=2,N2=2,N3=2,N4=2,N5=1,N6=2,N7=2,N8=2,N9=1,N10=2"
"14","1","2","2","2","2","1","N1=2,N2=1,N3=2,N4=2,N5=2,N6=1,N7=1,N8=2,N9=1,N10=1"
"14","1","2","2","2","2","1","N1=1,N2=1,N3=1,N4=2,N5=1,N6=2,N7=1,N8=2,N9=1,N10=2"
"14","1","2","2","2","2","1","N1=2,N2=1,N3=2,N4=1,N5=1,N6=1,N7=2,N8=1,N9=1,N10=1"
"14","1","2","2","2","2","1","N1=1,N2=2,N3=1,N4=2,N5=1,N6=2,N7=1,N8=1,N9=2,N10=2"
"14","1","2","2","2","2","1","N1=1,N2=1,N3=2,N4=2,N5=1,N6=1,N7=2,N8=2,N9=1,N10=2"
"14","1","2","2","2","2","1","N1=1,N2=1,N3=1,N4=2,N5=2,N6=1,N7=1,N8=2,N9=1,N10=1"
"14","1","2","2","2","2","1","N1=2,N2=1,N3=1,N4=2,N5=2,N6=2,N7=1,N8=2,N9=1,N10=1"
"14","1","2","2","2","2","1","N1=1,N2=1,N3=2,N4=2,N5=2,N6=2,N7=2,N8=2,N9=2,N10=2"
"15","1","2","1","1","1","2","N1=2,N2=2,N3=2,N4=2,N5=1,N6=1,N7=1,N8=2,N9=2,N10=2"
"15","1","2","1","1","1","2","N1=2,N2=1,N3=2,N4=1,N5=2,N6=1,N7=2,N8=2,N9=1,N10=2"
"15","1","2","1","1","1","2","N1=1,N2=1,N3=2,N4=2,N5=2,N6=2,N7=2,N8=1,N9=2,N10=1"
"15","1","2","1","1","1","2","N1=1,N2=1,N3=2,N4=2,N5=2,N6=2,N7=2,N8=1,N9=2,N10=1"
"15","1","2","1","1","1","2","N1=2,N2=1,N3=2,N4=2,N5=2,N6=2,N7=1,N8=2,N9=1,N10=1"
"15","1","2","1","1","1","2","N1=1,N2=1,N3=1,N4=2,N5=1,N6=2,N7=1,N8=2,N9=1,N10=2"
"15","1","2","1","1","1","2","N1=2,N2=1,N3=1,N4=2,N5=1,N6=1,N7=1,N8=1,N9=1,N10=1"
"15","1","2","1","1","1","2","N1=2,N2=1,N3=2,N4=2,N5=1,N6=2,N7=2,N8=1,N9=1,N10=2"
"15","1","2","1","1","1","2","N1=1,N2=1,N3=1,N4=1,N5=1,N6=1,N7=2,N8=1,N9=1,N10=2"
"15","1","2","1","1","1","2","N1=2,N2=2,N3=2,N4=2,N5=2,N6=1,N7=2,N8=1,N9=2,N10=2"
"16","1","1","1","2","2","1","N1=2,N2=1,N3=2,N4=2,N5=1,N6=2,N7=2,N8=2,N9=1,N10=1"
"16","1","1","1","2","2","1","N1=2,N2=2,N3=1,N4=2,N5=2,N6=2,N7=2,N8=2,N9=1,N10=1"
"16","1","1","1","2","2","1","N1=1,N2=1,N3=1,N4=2,N5=1,N6=2,N7=1,N8=2,N9=1,N10=1"
"16","1","1","1","2","2","1","N1=1,N2=1,N3=1,N4=1,N5=1,N6=1,N7=1,N8=2,N9=1,N10=1"
"16","1","1","1","2","2","1","N1=1,N2=1,N3=2,N4=1,N5=2,N6=1,N7=2,N8=2,N9=2,N10=2"
"16","1","1","1","2","2","1","N1=2,N2=1,N3=2,N4=2,N5=1,N6=2,N7=2,N8=2,N9=1,N10=2"
"16","1","1","1","2","2","1","N1=2,N2=1,N3=2,N4=2,N5=1,N6=2,N7=2,N8=2,N9=1,N10=2"
"16","1","1","1","2","2","1","N1=1,N2=1,N3=1,N4=1,N5=2,N6=1,N7=1,N8=2,N9=2,N10=2"
"16","1","1","1","2","2","1","N1=1,N2=1,N3=1,N4=1,N5=2,N6=2,N7=1,N8=1,N9=2,N10=2"
"16","1","1","1","2","2","1","N1=2,N2=1,N3=1,N4=1,N5=1,N6=1,N7=1,N8=1,N9=2,N10=1"
"17","1","2","1","2","1","1","N1=2,N2=2,N3=1,N4=2,N5=1,N6=2,N7=1,N8=2,N9=2,N10=2"
"17","1","2","1","2","1","1","N1=1,N2=1,N3=1,N4=1,N5=1,N6=1,N7=1,N8=1,N9=2,N10=1"
"17","1","2","1","2","1","1","N1=2,N2=1,N3=1,N4=1,N5=2,N6=2,N7=1,N8=1,N9=1,N10=2"
"17","1","2","1","2","1","1","N1=2,N2=1,N3=2,N4=2,N5=2,N6=1,N7=2,N8=1,N9=1,N10=1"
"17","1","2","1","2","1","1","N1=1,N2=1,N3=1,N4=2,N5=1,N6=2,N7=2,N8=2,N9=1,N10=2"
"17","1","2","1","2","1","1","N1=2,N2=1,N3=1,N4=1,N5=2,N6=1,N7=2,N8=1,N9=1,N10=2"
"17","1","2","1","2","1","1","N1=1,N2=1,N3=2,N4=2,N5=2,N6=1,N7=2,N8=1,N9=2,N10=1"
"17","1","2","1","2","1","1","N1=2,N2=1,N3=2,N4=2,N5=1,N6=2,N7=2,N8=1,N9=1,N10=2"
"17","1","2","1","2","1","1","N1=2,N2=1,N3=1,N4=1,N5=1,N6=1,N7=1,N8=2,N9=1,N10=1"
"17","1","2","1","2","1","1","N1=1,N2=1,N3=2,N4=2,N5=1,N6=2,N7=2,N8=1,N9=2,N10=1"
"18","1","2","2","1","2","2","N1=2,N2=1,N3=2,N4=2,N5=2,N6=2,N7=1,N8=2,N9=2,N10=2"
"18","1","2","2","1","2","2","N1=1,N2=2,N3=2,N4=2,N5=2,N6=2,N7=1,N8=1,N9=1,N10=2"
"18","1","2","2","1","2","2","N1=1,N2=2,N3=2,N4=1,N5=2,N6=1,N7=2,N8=1,N9=1,N10=1"
"18","1","2","2","1","2","2","N1=1,N2=1,N3=1,N4=2,N5=1,N6=2,N7=1,N8=1,N9=2,N10=1"
"18","1","2","2","1","2","2","N1=1,N2=1,N3=1,N4=2,N5=2,N6=1,N7=1,N8=1,N9=1,N10=2"
"18","1","2","2","1","2","2","N1=1,N2=1,N3=1,N4=2,N5=1,N6=2,N7=1,N8=1,N9=1,N10=2"
"18","1","2","2","1","2","2","N1=1,N2=2,N3=2,N4=1,N5=2,N6=2,N7=2,N8=2,N9=1,N10=1"
"18","1","2","2","1","2","2","N1=1,N2=1,N3=2,N4=2,N5=1,N6=2,N7=1,N8=2,N9=2,N10=1"
"18","1","2","2","1","2","2","N1=2,N2=1,N3=2,N4=2,N5=1,N6=2,N7=2,N8=1,N9=2,N10=2"
"18","1","2","2","1","2","2","N1=1,N2=2,N3=2,N4=2,N5=2,N6=1,N7=1,N8=1,N9=2,N10=1"
"19","1","1","2","1","2","2","N1=2,N2=2,N3=2,N4=1,N5=1,N6=2,N7=1,N8=2,N9=2,N10=1"
"19","1","1","2","1","2","2","N1=2,N2=1,N3=1,N4=2,N5=2,N6=2,N7=1,N8=2,N9=1,N10=1"
"19","1","1","2","1","2","2","N1=2,N2=1,N3=1,N4=1,N5=1,N6=2,N7=1,N8=1,N9=1,N10=1"
"19","1","1","2","1","2","2","N1=1,N2=2,N3=1,N4=2,N5=1,N6=2,N7=1,N8=1,N9=2,N10=1"
"19","1","1","2","1","2","2","N1=2,N2=1,N3=1,N4=1,N5=1,N6=2,N7=2,N8=2,N9=1,N10=2"
"19","1","1","2","1","2","2","N1=2,N2=1,N3=1,N4=2,N5=1,N6=1,N7=1,N8=1,N9=2,N10=2"
"19","1","1","2","1","2","2","N1=2,N2=1,N3=2,N4=1,N5=2,N6=1,N7=2,N8=1,N9=1,N10=1"
"19","1","1","2","1","2","2","N1=2,N2=1,N3=1,N4=2,N5=2,N6=2,N7=1,N8=1,N9=2,N10=1"
"19","1","1","2","1","2","2","N1=1,N2=1,N3=1,N4=2,N5=1,N6=2,N7=1,N8=2,N9=1,N10=1"
"19","1","1","2","1","2","2","N1=2,N2=1,N3=1,N4=2,N5=2,N6=1,N7=2,N8=2,N9=2,N10=1"
"20","1","2","1","2","1","1","N1=2,N2=2,N3=2,N4=1,N5=1,N6=1,N7=2,N8=2,N9=2,N10=2"
"20","1","2","1","2","1","1","N1=2,N2=1,N3=1,N4=2,N5=1,N6=1,N7=2,N8=1,N9=2,N10=2"
"20","1","2","1","2","1","1","N1=2,N2=1,N3=2,N4=2,N5=1,N6=1,N7=2,N8=2,N9=1,N10=2"
"20","1","2","1","2","1","1","N1=2,N2=1,N3=1,N4=1,N5=1,N6=1,N7=2,N8=1,N9=1,N10=2"
"20","1","2","1","2","1","1","N1=2,N2=1,N3=2,N4=1,N5=1,N6=1,N7=1,N8=2,N9=2,N10=2"
"20","1","2","1","2","1","1","N1=2,N2=1,N3=2,N4=2,N5=2,N6=1,N7=1,N8=1,N9=2,N10=1"
"20","1","2","1","2","1","1","N1=2,N2=1,N3=2,N4=1,N5=1,N6=2,N7=2,N8=2,N9=2,N10=2"
"20","1","2","1","2","1","1","N1=1,N2=1,N3=2,N4=1,N5=1,N6=1,N7=1,N8=2,N9=2,N10=1"
"20","1","2","1","2","1","1","N1=2,N2=1,N3=1,N4=2,N5=1,N6=2,N7=1,N8=2,N9=1,N10=2"
"20","1","2","1","2","1","1","N1=2,N2=1,N3=1,N4=2,N5=1,N6=1,N7=1,N8=1,N9=1,N10=1"
"21","1","1","2","2","2","2","N1=2,N2=1,N3=2,N4=2,N5=2,N6=1,N7=2,N8=2,N9=2,N10=1"
"21","1","1","2","2","2","2","N1=2,N2=1,N3=2,N4=2,N5=2,N6=2,N7=2,N8=2,N9=1,N10=2"
"21","1","1","2","2","2","2","N1=2,N2=1,N3=2,N4=2,N5=2,N6=1,N7=2,N8=2,N9=1,N10=1"
"21","1","1","2","2","2","2","N1=2,N2=1,N3=2,N4=2,N5=2,N6=2,N7=1,N8=2,N9=1,N10=1"
"21","1","1","2","2","2","2","N1=1,N2=1,N3=2,N4=2,N5=1,N6=2,N7=1,N8=2,N9=1,N10=2"
"21","1","1","2","2","2","2","N1=1,N2=1,N3=2,N4=1,N5=2,N6=1,N7=2,N8=2,N9=2,N10=1"
"21","1","1","2","2","2","2","N1=1,N2=1,N3=2,N4=1,N5=1,N6=2,N7=1,N8=1,N9=2,N10=1"
"21","1","1","2","2","2","2","N1=1,N2=1,N3=1,N4=1,N5=2,N6=2,N7=1,N8=1,N9=1,N10=1"
"21","1","1","2","2","2","2","N1=2,N2=1,N3=1,N4=1,N5=1,N6=1,N7=1,N8=2,N9=1,N10=1"
"21","1","1","2","2","2","2","N1=2,N2=2,N3=2,N4=1,N5=2,N6=2,N7=2,N8=1,N9=2,N10=2"
"22","1","2","1","2","1","2","N1=2,N2=2,N3=2,N4=2,N5=2,N6=2,N7=1,N8=2,N9=2,N10=1"
"22","1","2","1","2","1","2","N1=2,N2=1,N3=2,N4=2,N5=1,N6=2,N7=2,N8=2,N9=1,N10=2"
"22","1","2","1","2","1","2","N1=2,N2=1,N3=1,N4=1,N5=1,N6=1,N7=2,N8=2,N9=1,N10=2"
"22","1","2","1","2","1","2","N1=2,N2=1,N3=2,N4=2,N5=2,N6=1,N7=1,N8=1,N9=2,N10=2"
"22","1","2","1","2","1","2","N1=2,N2=1,N3=1,N4=2,N5=1,N6=2,N7=1,N8=1,N9=1,N10=2"
"22","1","2","1","2","1","2","N1=2,N2=2,N3=2,N4=1,N5=2,N6=1,N7=2,N8=2,N9=1,N10=2"
"22","1","2","1","2","1","2","N1=2,N2=2,N3=1,N4=1,N5=1,N6=1,N7=1,N8=1,N9=1,N10=1"
"22","1","2","1","2","1","2","N1=1,N2=1,N3=1,N4=2,N5=1,N6=2,N7=2,N8=1,N9=2,N10=2"
"22","1","2","1","2","1","2","N1=1,N2=1,N3=1,N4=1,N5=2,N6=1,N7=2,N8=2,N9=1,N10=1"
"22","1","2","1","2","1","2","N1=2,N2=1,N3=2,N4=2,N5=2,N6=2,N7=2,N8=2,N9=2,N10=2"
"23","1","1","1","2","2","1","N1=1,N2=2,N3=2,N4=2,N5=2,N6=2,N7=2,N8=2,N9=2,N10=1"
"23","1","1","1","2","2","1","N1=2,N2=1,N3=2,N4=2,N5=1,N6=2,N7=1,N8=2,N9=1,N10=2"
"23","1","1","1","2","2","1","N1=1,N2=1,N3=1,N4=2,N5=2,N6=1,N7=1,N8=2,N9=2,N10=1"
"23","1","1","1","2","2","1","N1=1,N2=2,N3=2,N4=2,N5=2,N6=2,N7=1,N8=2,N9=1,N10=1"
"23","1","1","1","2","2","1","N1=2,N2=1,N3=1,N4=1,N5=2,N6=2,N7=1,N8=1,N9=2,N10=2"
"23","1","1","1","2","2","1","N1=1,N2=1,N3=1,N4=1,N5=1,N6=2,N7=1,N8=2,N9=2,N10=2"
"23","1","1","1","2","2","1","N1=1,N2=1,N3=2,N4=2,N5=1,N6=1,N7=2,N8=1,N9=1,N10=2"
"23","1","1","1","2","2","1","N1=1,N2=1,N3=1,N4=1,N5=2,N6=1,N7=2,N8=1,N9=1,N10=1"
"23","1","1","1","2","2","1","N1=2,N2=2,N3=2,N4=2,N5=1,N6=2,N7=2,N8=1,N9=1,N10=2"
"23","1","1","1","2","2","1","N1=1,N2=1,N3=2,N4=2,N5=2,N6=1,N7=2,N8=1,N9=1,N10=2"
"24","1","1","2","1","1","1","N1=2,N2=2,N3=2,N4=1,N5=1,N6=2,N7=2,N8=2,N9=2,N10=1"
"24","1","1","2","1","1","1","N1=1,N2=1,N3=1,N4=1,N5=1,N6=1,N7=1,N8=2,N9=2,N10=2"
"24","1","1","2","1","1","1","N1=2,N2=1,N3=2,N4=1,N5=1,N6=1,N7=2,N8=2,N9=2,N10=2"
"24","1","1","2","1","1","1","N1=1,N2=1,N3=2,N4=2,N5=2,N6=1,N7=1,N8=2,N9=1,N10=1"
"24","1","1","2","1","1","1","N1=2,N2=1,N3=1,N4=2,N5=2,N6=2,N7=2,N8=2,N9=1,N10=1"
"24","1","1","2","1","1","1","N1=1,N2=1,N3=2,N4=2,N5=1,N6=2,N7=2,N8=2,N9=1,N10=1"
"24","1","1","2","1","1","1","N1=2,N2=1,N3=1,N4=1,N5=2,N6=2,N7=1,N8=1,N9=1,N10=2"
"24","1","1","2","1","1","1","N1=2,N2=1,N3=2,N4=1,N5=2,N6=1,N7=2,N8=1,N9=2,N10=2"
"24","1","1","2","1","1","1","N1=1,N2=1,N3=2,N4=1,N5=1,N6=2,N7=2,N8=1,N9=2,N10=2"
"24","1","1","2","1","1","1","N1=1,N2=1,N3=2,N4=2,N5=2,N6=1,N7=1,N8=1,N9=2,N10=1"
"25","1","1","2","1","2","1","N1=2,N2=2,N3=2,N4=2,N5=2,N6=1,N7=2,N8=1,N9=2,N10=1"
"25","1","1","2","1","2","1","N1=2,N2=1,N3=2,N4=2,N5=1,N6=2,N7=1,N8=1,N9=1,N10=2"
"25","1","1","2","1","2","1","N1=2,N2=1,N3=1,N4=2,N5=1,N6=1,N7=1,N8=2,N9=2,N10=2"
"25","1","1","2","1","2","1","N1=2,N2=1,N3=2,N4=1,N5=2,N6=1,N7=2,N8=2,N9=1,N10=2"
"25","1","1","2","1","2","1","N1=2,N2=1,N3=2,N4=2,N5=1,N6=1,N7=2,N8=1,N9=2,N10=2"
"25","1","1","2","1","2","1","N1=2,N2=1,N3=2,N4=2,N5=1,N6=2,N7=1,N8=2,N9=1,N10=2"
"25","1","1","2","1","2","1","N1=2,N2=2,N3=2,N4=1,N5=2,N6=1,N7=2,N8=2,N9=2,N10=1"
"25","1","1","2","1","2","1","N1=1,N2=1,N3=1,N4=1,N5=1,N6=2,N7=2,N8=1,N9=2,N10=2"
"25","1","1","2","1","2","1","N1=1,N2=1,N3=1,N4=1,N5=1,N6=1,N7=2,N8=2,N9=2,N10=1"
"25","1","1","2","1","2","1","N1=1,N2=1,N3=1,N4=1,N5=2,N6=1,N7=1,N8=2,N9=1,N10=2"
"26","1","2","1","2","1","2","N1=2,N2=1,N3=2,N4=2,N5=2,N6=2,N7=2,N8=2,N9=2,N10=1"
"26","1","2","1","2","1","2","N1=2,N2=1,N3=1,N4=1,N5=1,N6=2,N7=2,N8=1,N9=1,N10=1"
"26","1","2","1","2","1","2","N1=2,N2=2,N3=1,N4=2,N5=1,N6=2,N7=2,N8=1,N9=2,N10=2"
"26","1","2","1","2","1","2","N1=1,N2=1,N3=2,N4=2,N5=1,N6=1,N7=2,N8=2,N9=2,N10=1"
"26","1","2","1","2","1","2","N1=2,N2=1,N3=2,N4=2,N5=1,N6=2,N7=2,N8=1,N9=1,N10=2"
"26","1","2","1","2","1","2","N1=1,N2=2,N3=2,N4=2,N5=2,N6=1,N7=2,N8=1,N9=1,N10=1"
"26","1","2","1","2","1","2","N1=2,N2=1,N3=2,N4=2,N5=2,N6=2,N7=2,N8=2,N9=1,N10=1"
"26","1","2","1","2","1","2","N1=1,N2=1,N3=1,N4=1,N5=1,N6=2,N7=1,N8=2,N9=1,N10=2"
"26","1","2","1","2","1","2","N1=2,N2=1,N3=2,N4=1,N5=1,N6=1,N7=2,N8=2,N9=2,N10=2"
"26","1","2","1","2","1","2","N1=2,N2=1,N3=1,N4=1,N5=1,N6=1,N7=1,N8=1,N9=2,N10=2"
"27","1","1","1","1","1","1","N1=2,N2=2,N3=1,N4=1,N5=2,N6=1,N7=2,N8=2,N9=2,N10=2"
"27","1","1","1","1","1","1","N1=2,N2=2,N3=1,N4=1,N5=2,N6=1,N7=1,N8=2,N9=2,N10=2"
"27","1","1","1","1","1","1","N1=2,N2=1,N3=2,N4=2,N5=2,N6=1,N7=2,N8=2,N9=1,N10=1"
"27","1","1","1","1","1","1","N1=1,N2=1,N3=1,N4=1,N5=1,N6=2,N7=2,N8=1,N9=1,N10=2"
"27","1","1","1","1","1","1","N1=2,N2=1,N3=1,N4=2,N5=1,N6=1,N7=1,N8=2,N9=2,N10=2"
"27","1","1","1","1","1","1","N1=2,N2=1,N3=1,N4=2,N5=2,N6=1,N7=1,N8=1,N9=1,N10=1"
"27","1","1","1","1","1","1","N1=2,N2=1,N3=1,N4=2,N5=2,N6=2,N7=2,N8=1,N9=1,N10=2"
"27","1","1","1","1","1","1","N1=1,N2=1,N3=2,N4=2,N5=1,N6=1,N7=1,N8=2,N9=1,N10=1"
"27","1","1","1","1","1","1","N1=1,N2=1,N3=1,N4=2,N5=2,N6=2,N7=1,N8=1,N9=2,N10=1"
"27","1","1","1","1","1","1","N1=2,N2=1,N3=1,N4=2,N5=1,N6=2,N7=1,N8=1,N9=1,N10=1"
"28","1","1","1","1","1","1","N1=2,N2=1,N3=2,N4=1,N5=2,N6=2,N7=2,N8=1,N9=2,N10=1"
"28","1","1","1","1","1","1","N1=2,N2=1,N3=1,N4=2,N5=2,N6=2,N7=2,N8=1,N9=1,N10=1"
"28","1","1","1","1","1","1","N1=1,N2=2,N3=1,N4=1,N5=1,N6=2,N7=2,N8=1,N9=1,N10=1"
"28","1","1","1","1","1","1","N1=2,N2=1,N3=2,N4=2,N5=1,N6=1,N7=1,N8=1,N9=2,N10=1"
"28","1","1","1","1","1","1","N1=1,N2=1,N3=2,N4=2,N5=2,N6=2,N7=2,N8=2,N9=1,N10=2"
"28","1","1","1","1","1","1","N1=1,N2=1,N3=1,N4=1,N5=2,N6=1,N7=1,N8=2,N9=2,N10=2"
"28","1","1","1","1","1","1","N1=1,N2=2,N3=1,N4=1,N5=1,N6=1,N7=1,N8=2,N9=1,N10=1"
"28","1","1","1","1","1","1","N1=2,N2=1,N3=1,N4=1,N5=1,N6=1,N7=1,N8=1,N9=2,N10=2"
"28","1","1","1","1","1","1","N1=2,N2=1,N3=2,N4=2,N5=2,N6=1,N7=2,N8=1,N9=2,N10=1"
"28","1","1","1","1","1","1","N1=2,N2=1,N3=1,N4=1,N5=2,N6=2,N7=1,N8=1,N9=2,N10=1"
"29","1","2","1","2","1","1","N1=1,N2=1,N3=1,N4=2,N5=1,N6=1,N7=2,N8=2,N9=2,N10=2"
"29","1","2","1","2","1","1","N1=1,N2=2,N3=1,N4=2,N5=2,N6=1,N7=1,N8=2,N9=2,N10=2"
"29","1","2","1","2","1","1","N1=2,N2=1,N3=1,N4=1,N5=2,N6=1,N7=1,N8=1,N9=1,N10=1"
"29","1","2","1","2","1","1","N1=2,N2=1,N3=2,N4=2,N5=1,N6=2,N7=1,N8=2,N9=1,N10=1"
"29","1","2","1","2","1","1","N1=2,N2=1,N3=2,N4=1,N5=2,N6=2,N7=2,N8=1,N9=1,N10=1"
"29","1","2","1","2","1","1","N1=1,N2=1,N3=2,N4=2,N5=1,N6=2,N7=2,N8=1,N9=2,N10=2"
"29","1","2","1","2","1","1","N1=1,N2=1,N3=2,N4=2,N5=1,N6=1,N7=2,N8=2,N9=2,N10=2"
"29","1","2","1","2","1","1","N1=1,N2=1,N3=2,N4=2,N5=1,N6=1,N7=1,N8=1,N9=2,N10=2"
"29","1","2","1","2","1","1","N1=2,N2=1,N3=1,N4=2,N5=1,N6=1,N7=1,N8=2,N9=1,N10=1"
"29","1","2","1","2","1","1","N1=1,N2=1,N3=2,N4=1,N5=2,N6=2,N7=2,N8=1,N9=1,N10=2"
"30","1","1","2","1","2","1","N1=2,N2=2,N3=2,N4=2,N5=2,N6=2,N7=1,N8=2,N9=2,N10=2"
"30","1","1","2","1","2","1","N1=2,N2=1,N3=1,N4=2,N5=1,N6=2,N7=1,N8=1,N9=1,N10=2"
"30","1","1","2","1","2","1","N1=2,N2=2,N3=2,N4=2,N5=2,N6=2,N7=2,N8=2,N9=1,N10=2"
"30","1","1","2","1","2","1","N1=1,N2=1,N3=2,N4=2,N5=1,N6=1,N7=2,N8=1,N9=1,N10=1"
"30","1","1","2","1","2","1","N1=1,N2=1,N3=1,N4=1,N5=2,N6=2,N7=1,N8=1,N9=1,N10=1"
"30","1","1","2","1","2","1","N1=1,N2=1,N3=2,N4=2,N5=2,N6=2,N7=2,N8=1,N9=2,N10=1"
"30","1","1","2","1","2","1","N1=2,N2=2,N3=1,N4=1,N5=2,N6=2,N7=1,N8=1,N9=1,N10=1"
"30","1","1","2","1","2","1","N1=1,N2=1,N3=2,N4=2,N5=1,N6=2,N7=2,N8=1,N9=2,N10=1"
"30","1","1","2","1","2","1","N1=2,N2=1,N3=1,N4=1,N5=1,N6=1,N7=2,N8=2,N9=1,N10=2"
"30","1","1","2","1","2","1","N1=2,N2=1,N3=2,N4=2,N5=2,N6=1,N7=2,N8=1,N9=2,N10=2"
"31","1","2","2","2","1","2","N1=2,N2=2,N3=2,N4=2,N5=1,N6=2,N7=1,N8=2,N9=2,N10=2"
"31","1","2","2","2","1","2","N1=2,N2=1,N3=1,N4=2,N5=2,N6=1,N7=1,N8=2,N9=2,N10=1"
"31","1","2","2","2","1","2","N1=2,N2=1,N3=2,N4=1,N5=1,N6=2,N7=1,N8=2,N9=1,N10=1"
"31","1","2","2","2","1","2","N1=2,N2=1,N3=1,N4=1,N5=2,N6=2,N7=1,N8=1,N9=1,N10=1"
"31","1","2","2","2","1","2","N1=2,N2=1,N3=2,N4=2,N5=2,N6=2,N7=2,N8=2,N9=2,N10=2"
"31","1","2","2","2","1","2","N1=2,N2=1,N3=1,N4=1,N5=1,N6=2,N7=2,N8=1,N9=1,N10=2"
"31","1","2","2","2","1","2","N1=1,N2=1,N3=2,N4=2,N5=1,N6=1,N7=2,N8=2,N9=2,N10=1"
"31","1","2","2","2","1","2","N1=1,N2=1,N3=2,N4=1,N5=2,N6=2,N7=2,N8=1,N9=1,N10=1"
"31","1","2","2","2","1","2","N1=2,N2=1,N3=2,N4=2,N5=2,N6=2,N7=2,N8=1,N9=2,N10=1"
"31","1","2","2","2","1","2","N1=2,N2=1,N3=2,N4=2,N5=2,N6=2,N7=2,N8=1,N9=1,N10=1"
"32","1","1","1","1","2","1","N1=2,N2=2,N3=2,N4=2,N5=1,N6=1,N7=2,N8=2,N9=1,N10=1"
"32","1","1","1","1","2","1","N1=2,N2=1,N3=2,N4=2,N5=1,N6=2,N7=1,N8=2,N9=1,N10=2"
"32","1","1","1","1","2","1","N1=2,N2=1,N3=1,N4=2,N5=1,N6=1,N7=1,N8=1,N9=2,N10=2"
"32","1","1","1","1","2","1","N1=2,N2=1,N3=2,N4=2,N5=2,N6=1,N7=2,N8=1,N9=1,N10=2"
"32","1","1","1","1","2","1","N1=1,N2=1,N3=1,N4=1,N5=2,N6=2,N7=1,N8=1,N9=2,N10=1"
"32","1","1","1","1","2","1","N1=1,N2=1,N3=1,N4=1,N5=1,N6=2,N7=1,N8=2,N9=2,N10=1"
"32","1","1","1","1","2","1","N1=1,N2=1,N3=2,N4=2,N5=2,N6=2,N7=1,N8=1,N9=1,N10=2"
"32","1","1","1","1","2","1","N1=2,N2=1,N3=2,N4=1,N5=2,N6=2,N7=1,N8=1,N9=2,N10=1"
"32","1","1","1","1","2","1","N1=1,N2=2,N3=1,N4=2,N5=1,N6=2,N7=2,N8=2,N9=2,N10=2"
"32","1","1","1","1","2","1","N1=2,N2=1,N3=1,N4=2,N5=1,N6=1,N7=2,N8=1,N9=2,N10=2"
"33","1","1","1","1","1","1","N1=2,N2=1,N3=2,N4=1,N5=1,N6=1,N7=2,N8=2,N9=2,N10=2"
"33","1","1","1","1","1","1","N1=1,N2=1,N3=2,N4=1,N5=2,N6=1,N7=1,N8=1,N9=2,N10=1"
"33","1","1","1","1","1","1","N1=2,N2=2,N3=2,N4=1,N5=1,N6=2,N7=2,N8=2,N9=2,N10=2"
"33","1","1","1","1","1","1","N1=1,N2=1,N3=1,N4=2,N5=2,N6=1,N7=2,N8=2,N9=1,N10=1"
"33","1","1","1","1","1","1","N1=2,N2=1,N3=1,N4=1,N5=1,N6=2,N7=1,N8=1,N9=1,N10=1"
"33","1","1","1","1","1","1","N1=1,N2=1,N3=1,N4=2,N5=2,N6=2,N7=1,N8=1,N9=1,N10=1"
"33","1","1","1","1","1","1","N1=1,N2=2,N3=2,N4=1,N5=1,N6=2,N7=2,N8=2,N9=1,N10=1"
"33","1","1","1","1","1","1","N1=1,N2=1,N3=2,N4=2,N5=2,N6=2,N7=2,N8=1,N9=2,N10=1"
"33","1","1","1","1","1","1","N1=2,N2=1,N3=2,N4=2,N5=1,N6=2,N7=1,N8=1,N9=1,N10=1"
"33","1","1","1","1","1","1","N1=1,N2=1,N3=1,N4=2,N5=1,N6=2,N7=1,N8=1,N9=1,N10=2"
"34","1","2","2","1","2","1","N1=2,N2=2,N3=2,N4=2,N5=1,N6=2,N7=1,N8=2,N9=2,N10=1"
"34","1","2","2","1","2","1","N1=2,N2=2,N3=1,N4=2,N5=1,N6=1,N7=1,N8=1,N9=1,N10=2"
"34","1","2","2","1","2","1","N1=2,N2=1,N3=1,N4=2,N5=2,N6=2,N7=1,N8=1,N9=1,N10=1"
"34","1","2","2","1","2","1","N1=2,N2=1,N3=1,N4=2,N5=1,N6=2,N7=1,N8=1,N9=1,N10=1"
"34","1","2","2","1","2","1","N1=2,N2=1,N3=2,N4=1,N5=2,N6=1,N7=2,N8=1,N9=1,N10=1"
"34","1","2","2","1","2","1","N1=1,N2=1,N3=1,N4=2,N5=2,N6=2,N7=1,N8=2,N9=2,N10=1"
"34","1","2","2","1","2","1","N1=2,N2=1,N3=2,N4=2,N5=1,N6=2,N7=2,N8=2,N9=1,N10=1"
"34","1","2","2","1","2","1","N1=2,N2=1,N3=2,N4=2,N5=2,N6=2,N7=2,N8=1,N9=1,N10=1"
"34","1","2","2","1","2","1","N1=2,N2=1,N3=1,N4=1,N5=1,N6=2,N7=2,N8=2,N9=1,N10=1"
"34","1","2","2","1","2","1","N1=2,N2=1,N3=2,N4=2,N5=2,N6=2,N7=1,N8=2,N9=2,N10=1"
"35","1","2","1","2","1","2","N1=2,N2=1,N3=2,N4=1,N5=2,N6=1,N7=2,N8=2,N9=2,N10=1"
"35","1","2","1","2","1","2","N1=2,N2=1,N3=1,N4=2,N5=1,N6=2,N7=1,N8=2,N9=2,N10=1"
"35","1","2","1","2","1","2","N1=1,N2=1,N3=1,N4=1,N5=2,N6=2,N7=1,N8=1,N9=1,N10=1"
"35","1","2","1","2","1","2","N1=2,N2=1,N3=2,N4=2,N5=2,N6=2,N7=2,N8=1,N9=2,N10=1"
"35","1","2","1","2","1","2","N1=2,N2=1,N3=1,N4=1,N5=2,N6=2,N7=1,N8=2,N9=1,N10=1"
"35","1","2","1","2","1","2","N1=2,N2=1,N3=2,N4=2,N5=2,N6=2,N7=2,N8=1,N9=1,N10=2"
"35","1","2","1","2","1","2","N1=2,N2=1,N3=2,N4=2,N5=2,N6=2,N7=2,N8=1,N9=1,N10=1"
"35","1","2","1","2","1","2","N1=2,N2=2,N3=1,N4=1,N5=2,N6=2,N7=1,N8=1,N9=2,N10=1"
"35","1","2","1","2","1","2","N1=2,N2=1,N3=1,N4=1,N5=1,N6=2,N7=1,N8=2,N9=2,N10=2"
"35","1","2","1","2","1","2","N1=2,N2=1,N3=1,N4=2,N5=2,N6=1,N7=1,N8=2,N9=2,N10=1"
"36","1","1","1","2","2","1","N1=2,N2=2,N3=2,N4=2,N5=2,N6=1,N7=2,N8=2,N9=2,N10=1"
"36","1","1","1","2","2","1","N1=1,N2=2,N3=2,N4=2,N5=1,N6=2,N7=2,N8=1,N9=1,N10=1"
"36","1","1","1","2","2","1","N1=1,N2=1,N3=2,N4=2,N5=2,N6=1,N7=1,N8=1,N9=2,N10=1"
"36","1","1","1","2","2","1","N1=1,N2=1,N3=2,N4=1,N5=2,N6=2,N7=2,N8=1,N9=1,N10=1"
"36","1","1","1","2","2","1","N1=2,N2=1,N3=2,N4=1,N5=1,N6=2,N7=2,N8=2,N9=1,N10=2"
"36","1","1","1","2","2","1","N1=1,N2=2,N3=2,N4=1,N5=1,N6=1,N7=2,N8=2,N9=2,N10=2"
"36","1","1","1","2","2","1","N1=1,N2=1,N3=2,N4=2,N5=2,N6=1,N7=1,N8=2,N9=2,N10=1"
"36","1","1","1","2","2","1","N1=2,N2=2,N3=2,N4=2,N5=1,N6=2,N7=2,N8=2,N9=2,N10=1"
"36","1","1","1","2","2","1","N1=2,N2=1,N3=2,N4=2,N5=2,N6=1,N7=2,N8=1,N9=1,N10=1"
"36","1","1","1","2","2","1","N1=2,N2=1,N3=1,N4=1,N5=2,N6=2,N7=1,N8=2,N9=1,N10=1"
"37","1","1","1","2","2","1","N1=2,N2=2,N3=2,N4=2,N5=1,N6=2,N7=2,N8=2,N9=1,N10=1"
"37","1","1","1","2","2","1","N1=1,N2=2,N3=1,N4=1,N5=1,N6=1,N7=1,N8=2,N9=1,N10=2"
"37","1","1","1","2","2","1","N1=2,N2=1,N3=2,N4=1,N5=1,N6=1,N7=2,N8=2,N9=1,N10=2"
"37","1","1","1","2","2","1","N1=1,N2=1,N3=1,N4=2,N5=1,N6=1,N7=1,N8=1,N9=2,N10=2"
"37","1","1","1","2","2","1","N1=2,N2=1,N3=2,N4=1,N5=2,N6=1,N7=2,N8=1,N9=1,N10=2"
"37","1","1","1","2","2","1","N1=2,N2=1,N3=1,N4=2,N5=1,N6=2,N7=2,N8=1,N9=1,N10=1"
"37","1","1","1","2","2","1","N1=1,N2=1,N3=1,N4=1,N5=1,N6=2,N7=2,N8=2,N9=1,N10=1"
"37","1","1","1","2","2","1","N1=2,N2=1,N3=1,N4=1,N5=1,N6=2,N7=1,N8=1,N9=1,N10=1"
"37","1","1","1","2","2","1","N1=2,N2=1,N3=1,N4=1,N5=1,N6=2,N7=1,N8=1,N9=1,N10=1"
"37","1","1","1","2","2","1","N1=2,N2=1,N3=1,N4=1,N5=1,N6=2,N7=1,N8=1,N9=2,N10=1"
"38","1","2","1","2","1","1","N1=2,N2=2,N3=1,N4=1,N5=1,N6=2,N7=2,N8=2,N9=2,N10=2"
"38","1","2","1","2","1","1","N1=1,N2=1,N3=2,N4=2,N5=1,N6=1,N7=2,N8=1,N9=1,N10=2"
"38","1","2","1","2","1","1","N1=2,N2=1,N3=2,N4=2,N5=1,N6=1,N7=2,N8=2,N9=1,N10=2"
"38","1","2","1","2","1","1","N1=1,N2=1,N3=1,N4=1,N5=2,N6=1,N7=1,N8=1,N9=1,N10=2"
"38","1","2","1","2","1","1","N1=1,N2=1,N3=1,N4=2,N5=1,N6=1,N7=1,N8=2,N9=2,N10=2"
"38","1","2","1","2","1","1","N1=2,N2=1,N3=1,N4=2,N5=1,N6=1,N7=1,N8=1,N9=1,N10=1"
"38","1","2","1","2","1","1","N1=2,N2=1,N3=2,N4=1,N5=2,N6=1,N7=2,N8=1,N9=2,N10=2"
"38","1","2","1","2","1","1","N1=2,N2=2,N3=2,N4=1,N5=1,N6=1,N7=2,N8=2,N9=2,N10=1"
"38","1","2","1","2","1","1","N1=2,N2=1,N3=2,N4=2,N5=1,N6=1,N7=1,N8=1,N9=2,N10=2"
"38","1","2","1","2","1","1","N1=1,N2=1,N3=1,N4=2,N5=1,N6=1,N7=1,N8=2,N9=1,N10=2"
"39","1","2","1","1","1","2","N1=2,N2=1,N3=1,N4=2,N5=1,N6=1,N7=2,N8=2,N9=1,N10=2"
"39","1","2","1","1","1","2","N1=2,N2=1,N3=1,N4=2,N5=2,N6=1,N7=1,N8=2,N9=1,N10=2"
"39","1","2","1","1","1","2","N1=1,N2=1,N3=2,N4=2,N5=2,N6=2,N7=2,N8=2,N9=1,N10=2"
"39","1","2","1","1","1","2","N1=2,N2=1,N3=1,N4=1,N5=2,N6=1,N7=1,N8=1,N9=1,N10=1"
"39","1","2","1","1","1","2","N1=2,N2=2,N3=1,N4=1,N5=2,N6=2,N7=1,N8=1,N9=2,N10=2"
"39","1","2","1","1","1","2","N1=2,N2=1,N3=2,N4=2,N5=2,N6=1,N7=2,N8=1,N9=2,N10=2"
"39","1","2","1","1","1","2","N1=1,N2=1,N3=1,N4=1,N5=1,N6=1,N7=2,N8=1,N9=1,N10=2"
"39","1","2","1","1","1","2","N1=2,N2=1,N3=2,N4=2,N5=1,N6=1,N7=1,N8=2,N9=2,N10=1"
"39","1","2","1","1","1","2","N1=2,N2=1,N3=1,N4=2,N5=1,N6=2,N7=2,N8=2,N9=1,N10=2"
"39","1","2","1","1","1","2","N1=2,N2=1,N3=2,N4=2,N5=1,N6=1,N7=2,N8=1,N9=1,N10=1"
"40","1","2","2","1","2","2","N1=1,N2=2,N3=2,N4=2,N5=1,N6=1,N7=1,N8=2,N9=1,N10=1"
"40","1","2","2","1","2","2","N1=2,N2=1,N3=2,N4=1,N5=1,N6=1,N7=2,N8=1,N9=2,N10=1"
"40","1","2","2","1","2","2","N1=2,N2=1,N3=2,N4=2,N5=2,N6=1,N7=2,N8=1,N9=2,N10=1"
"40","1","2","2","1","2","2","N1=1,N2=1,N3=2,N4=2,N5=1,N6=2,N7=1,N8=2,N9=1,N10=2"
"40","1","2","2","1","2","2","N1=2,N2=2,N3=1,N4=2,N5=2,N6=1,N7=1,N8=2,N9=1,N10=1"
"40","1","2","2","1","2","2","N1=1,N2=1,N3=1,N4=2,N5=1,N6=2,N7=2,N8=2,N9=1,N10=1"
"40","1","2","2","1","2","2","N1=2,N2=2,N3=2,N4=2,N5=1,N6=1,N7=2,N8=1,N9=1,N10=1"
"40","1","2","2","1","2","2","N1=1,N2=1,N3=2,N4=2,N5=1,N6=2,N7=2,N8=1,N9=1,N10=2"
"40","1","2","2","1","2","2","N1=2,N2=2,N3=2,N4=2,N5=2,N6=1,N7=2,N8=1,N9=1,N10=1"
"40","1","2","2","1","2","2","N1=2,N2=1,N3=1,N4=1,N5=1,N6=2,N7=1,N8=2,N9=1,N10=2"
"41","1","2","2","1","1","1","N1=2,N2=2,N3=2,N4=1,N5=1,N6=2,N7=2,N8=2,N9=2,N10=1"
"41","1","2","2","1","1","1","N1=2,N2=1,N3=1,N4=2,N5=1,N6=2,N7=2,N8=2,N9=2,N10=2"
"41","1","2","2","1","1","1","N1=2,N2=1,N3=2,N4=2,N5=1,N6=1,N7=1,N8=1,N9=1,N10=2"
"41","1","2","2","1","1","1","N1=2,N2=1,N3=1,N4=2,N5=2,N6=1,N7=1,N8=1,N9=1,N10=1"
"41","1","2","2","1","1","1","N1=2,N2=1,N3=1,N4=2,N5=1,N6=2,N7=1,N8=1,N9=1,N10=2"
"41","1","2","2","1","1","1","N1=2,N2=1,N3=2,N4=1,N5=1,N6=1,N7=2,N8=2,N9=1,N10=2"
"41","1","2","2","1","1","1","N1=2,N2=1,N3=1,N4=1,N5=1,N6=2,N7=2,N8=2,N9=2,N10=2"
"41","1","2","2","1","1","1","N1=1,N2=1,N3=2,N4=2,N5=1,N6=1,N7=2,N8=1,N9=2,N10=1"
"41","1","2","2","1","1","1","N1=1,N2=1,N3=1,N4=1,N5=2,N6=1,N7=1,N8=1,N9=1,N10=2"
"41","1","2","2","1","1","1","N1=2,N2=1,N3=2,N4=1,N5=2,N6=1,N7=1,N8=1,N9=1,N10=2"
"42","1","2","1","2","2","1","N1=2,N2=2,N3=2,N4=2,N5=1,N6=1,N7=1,N8=2,N9=1,N10=1"
"42","1","2","1","2","2","1","N1=2,N2=1,N3=1,N4=2,N5=1,N6=1,N7=1,N8=1,N9=1,N10=2"
"42","1","2","1","2","2","1","N1=1,N2=1,N3=1,N4=1,N5=1,N6=1,N7=1,N8=1,N9=1,N10=2"
"42","1","2","1","2","2","1","N1=2,N2=1,N3=1,N4=1,N5=1,N6=1,N7=1,N8=2,N9=2,N10=2"
"42","1","2","1","2","2","1","N1=2,N2=1,N3=1,N4=1,N5=2,N6=1,N7=1,N8=2,N9=1,N10=2"
"42","1","2","1","2","2","1","N1=2,N2=1,N3=2,N4=2,N5=2,N6=1,N7=2,N8=2,N9=2,N10=2"
"42","1","2","1","2","2","1","N1=1,N2=1,N3=2,N4=2,N5=1,N6=1,N7=1,N8=1,N9=1,N10=2"
"42","1","2","1","2","2","1","N1=1,N2=1,N3=2,N4=1,N5=2,N6=1,N7=2,N8=1,N9=1,N10=1"
"42","1","2","1","2","2","1","N1=1,N2=1,N3=1,N4=2,N5=2,N6=2,N7=1,N8=2,N9=2,N10=1"
"42","1","2","1","2","2","1","N1=1,N2=1,N3=1,N4=1,N5=1,N6=2,N7=1,N8=1,N9=1,N10=2"
"43","1","1","1","1","2","2","N1=1,N2=1,N3=2,N4=2,N5=1,N6=1,N7=2,N8=2,N9=2,N10=1"
"43","1","1","1","1","2","2","N1=1,N2=1,N3=2,N4=2,N5=1,N6=2,N7=2,N8=2,N9=1,N10=2"
"43","1","1","1","1","2","2","N1=2,N2=1,N3=2,N4=2,N5=2,N6=1,N7=1,N8=2,N9=1,N10=1"
"43","1","1","1","1","2","2","N1=1,N2=1,N3=1,N4=2,N5=2,N6=2,N7=1,N8=1,N9=1,N10=1"
"43","1","1","1","1","2","2","N1=2,N2=1,N3=2,N4=2,N5=2,N6=2,N7=2,N8=2,N9=1,N10=1"
"43","1","1","1","1","2","2","N1=1,N2=2,N3=1,N4=1,N5=1,N6=2,N7=2,N8=1,N9=2,N10=2"
"43","1","1","1","1","2","2","N1=2,N2=1,N3=1,N4=2,N5=2,N6=1,N7=2,N8=1,N9=2,N10=1"
"43","1","1","1","1","2","2","N1=2,N2=2,N3=1,N4=1,N5=2,N6=2,N7=2,N8=2,N9=1,N10=1"
"43","1","1","1","1","2","2","N1=1,N2=1,N3=2,N4=1,N5=1,N6=2,N7=2,N8=1,N9=1,N10=2"
"43","1","1","1","1","2","2","N1=1,N2=2,N3=1,N4=2,N5=1,N6=1,N7=2,N8=2,N9=2,N10=2"
"44","1","2","1","1","1","2","N1=2,N2=2,N3=2,N4=1,N5=1,N6=2,N7=2,N8=2,N9=2,N10=1"
"44","1","2","1","1","1","2","N1=2,N2=1,N3=1,N4=2,N5=1,N6=2,N7=1,N8=2,N9=1,N10=2"
"44","1","2","1","1","1","2","N1=1,N2=1,N3=2,N4=2,N5=2,N6=2,N7=2,N8=1,N9=1,N10=2"
"44","1","2","1","1","1","2","N1=2,N2=1,N3=2,N4=2,N5=1,N6=1,N7=1,N8=2,N9=1,N10=2"
"44","1","2","1","1","1","2","N1=2,N2=1,N3=2,N4=1,N5=1,N6=1,N7=2,N8=2,N9=1,N10=2"
"44","1","2","1","1","1","2","N1=2,N2=1,N3=2,N4=2,N5=1,N6=1,N7=2,N8=1,N9=2,N10=2"
"44","1","2","1","1","1","2","N1=2,N2=1,N3=2,N4=2,N5=1,N6=1,N7=2,N8=2,N9=1,N10=2"
"44","1","2","1","1","1","2","N1=2,N2=2,N3=1,N4=1,N5=1,N6=1,N7=1,N8=2,N9=1,N10=2"
"44","1","2","1","1","1","2","N1=2,N2=1,N3=2,N4=2,N5=1,N6=1,N7=2,N8=1,N9=2,N10=2"
"44","1","2","1","1","1","2","N1=2,N2=2,N3=1,N4=1,N5=2,N6=1,N7=1,N8=1,N9=2,N10=1"
"45","1","1","1","1","1","2","N1=2,N2=1,N3=2,N4=2,N5=1,N6=2,N7=2,N8=2,N9=2,N10=2"
"45","1","1","1","1","1","2","N1=2,N2=1,N3=2,N4=2,N5=2,N6=1,N7=1,N8=2,N9=1,N10=1"
"45","1","1","1","1","1","2","N1=2,N2=1,N3=1,N4=2,N5=1,N6=2,N7=1,N8=2,N9=1,N10=2"
"45","1","1","1","1","1","2","N1=2,N2=2,N3=1,N4=2,N5=1,N6=1,N7=1,N8=1,N9=1,N10=1"
"45","1","1","1","1","1","2","N1=2,N2=1,N3=1,N4=2,N5=2,N6=2,N7=1,N8=1,N9=1,N10=1"
"45","1","1","1","1","1","2","N1=2,N2=1,N3=1,N4=2,N5=1,N6=2,N7=1,N8=2,N9=1,N10=1"
"45","1","1","1","1","1","2","N1=2,N2=1,N3=2,N4=1,N5=1,N6=2,N7=2,N8=2,N9=1,N10=1"
"45","1","1","1","1","1","2","N1=2,N2=1,N3=2,N4=2,N5=1,N6=2,N7=2,N8=2,N9=2,N10=2"
"45","1","1","1","1","1","2","N1=1,N2=1,N3=1,N4=2,N5=1,N6=2,N7=1,N8=2,N9=1,N10=2"
"45","1","1","1","1","1","2","N1=2,N2=1,N3=2,N4=2,N5=1,N6=1,N7=2,N8=1,N9=1,N10=1"
"46","1","1","2","2","1","2","N1=2,N2=1,N3=1,N4=1,N5=1,N6=1,N7=1,N8=1,N9=2,N10=2"
"46","1","1","2","2","1","2","N1=2,N2=1,N3=2,N4=2,N5=1,N6=1,N7=2,N8=2,N9=2,N10=1"
"46","1","1","2","2","1","2","N1=1,N2=2,N3=2,N4=2,N5=1,N6=2,N7=2,N8=2,N9=1,N10=2"
"46","1","1","2","2","1","2","N1=1,N2=2,N3=2,N4=2,N5=1,N6=1,N7=1,N8=1,N9=1,N10=2"
"46","1","1","2","2","1","2","N1=2,N2=2,N3=1,N4=1,N5=1,N6=1,N7=1,N8=2,N9=1,N10=2"
"46","1","1","2","2","1","2","N1=1,N2=1,N3=1,N4=1,N5=2,N6=1,N7=1,N8=2,N9=1,N10=2"
"46","1","1","2","2","1","2","N1=2,N2=2,N3=2,N4=2,N5=2,N6=1,N7=1,N8=2,N9=2,N10=1"
"46","1","1","2","2","1","2","N1=2,N2=1,N3=1,N4=2,N5=1,N6=2,N7=2,N8=2,N9=1,N10=2"
"46","1","1","2","2","1","2","N1=1,N2=1,N3=2,N4=2,N5=1,N6=1,N7=2,N8=1,N9=1,N10=1"
"46","1","1","2","2","1","2","N1=2,N2=1,N3=2,N4=2,N5=1,N6=1,N7=2,N8=2,N9=2,N10=2"
"47","1","1","2","2","1","1","N1=2,N2=2,N3=2,N4=2,N5=2,N6=1,N7=2,N8=1,N9=2,N10=2"
"47","1","1","2","2","1","1","N1=1,N2=2,N3=1,N4=2,N5=1,N6=1,N7=1,N8=2,N9=1,N10=2"
"47","1","1","2","2","1","1","N1=1,N2=1,N3=2,N4=2,N5=1,N6=2,N7=2,N8=2,N9=1,N10=2"
"47","1","1","2","2","1","1","N1=1,N2=1,N3=2,N4=2,N5=1,N6=1,N7=1,N8=1,N9=1,N10=2"
"47","1","1","2","2","1","1","N1=2,N2=1,N3=1,N4=2,N5=2,N6=1,N7=1,N8=1,N9=1,N10=1"
"47","1","1","2","2","1","1","N1=1,N2=1,N3=2,N4=1,N5=1,N6=2,N7=2,N8=2,N9=1,N10=1"
"47","1","1","2","2","1","1","N1=2,N2=1,N3=1,N4=2,N5=1,N6=2,N7=2,N8=1,N9=2,N10=2"
"47","1","1","2","2","1","1","N1=2,N2=1,N3=2,N4=2,N5=2,N6=1,N7=1,N8=1,N9=1,N10=1"
"47","1","1","2","2","1","1","N1=1,N2=1,N3=2,N4=1,N5=1,N6=2,N7=2,N8=1,N9=1,N10=2"
"47","1","1","2","2","1","1","N1=1,N2=2,N3=1,N4=1,N5=1,N6=1,N7=2,N8=2,N9=1,N10=2"
"48","1","1","1","2","1","2","N1=2,N2=1,N3=2,N4=1,N5=1,N6=2,N7=2,N8=2,N9=2,N10=1"
"48","1","1","1","2","1","2","N1=2,N2=1,N3=2,N4=2,N5=1,N6=2,N7=2,N8=2,N9=2,N10=2"
"48","1","1","1","2","1","2","N1=2,N2=1,N3=2,N4=2,N5=2,N6=1,N7=2,N8=1,N9=1,N10=1"
"48","1","1","1","2","1","2","N1=2,N2=1,N3=1,N4=1,N5=2,N6=2,N7=1,N8=1,N9=2,N10=1"
"48","1","1","1","2","1","2","N1=1,N2=1,N3=2,N4=2,N5=1,N6=2,N7=2,N8=1,N9=1,N10=2"
"48","1","1","1","2","1","2","N1=1,N2=1,N3=2,N4=2,N5=1,N6=1,N7=2,N8=2,N9=1,N10=2"
"48","1","1","1","2","1","2","N1=1,N2=2,N3=1,N4=1,N5=1,N6=1,N7=1,N8=1,N9=1,N10=2"
"48","1","1","1","2","1","2","N1=2,N2=1,N3=2,N4=2,N5=1,N6=1,N7=2,N8=2,N9=2,N10=1"
"48","1","1","1","2","1","2","N1=2,N2=1,N3=2,N4=2,N5=2,N6=2,N7=1,N8=1,N9=1,N10=1"
"48","1","1","1","2","1","2","N1=2,N2=1,N3=2,N4=1,N5=2,N6=2,N7=2,N8=1,N9=2,N10=1"
"49","1","1","1","1","2","2","N1=2,N2=2,N3=2,N4=1,N5=1,N6=1,N7=2,N8=2,N9=2,N10=2"
"49","1","1","1","1","2","2","N1=1,N2=2,N3=2,N4=1,N5=2,N6=1,N7=2,N8=1,N9=2,N10=1"
"49","1","1","1","1","2","2","N1=2,N2=1,N3=1,N4=1,N5=2,N6=2,N7=1,N8=1,N9=2,N10=1"
"49","1","1","1","1","2","2","N1=1,N2=1,N3=2,N4=2,N5=1,N6=2,N7=2,N8=1,N9=2,N10=1"
"49","1","1","1","1","2","2","N1=2,N2=1,N3=2,N4=2,N5=2,N6=2,N7=1,N8=2,N9=2,N10=1"
"49","1","1","1","1","2","2","N1=1,N2=2,N3=2,N4=1,N5=1,N6=2,N7=1,N8=1,N9=2,N10=2"
"49","1","1","1","1","2","2","N1=2,N2=1,N3=2,N4=2,N5=1,N6=1,N7=2,N8=2,N9=2,N10=2"
"49","1","1","1","1","2","2","N1=1,N2=2,N3=1,N4=2,N5=1,N6=1,N7=2,N8=1,N9=2,N10=2"
"49","1","1","1","1","2","2","N1=1,N2=2,N3=1,N4=1,N5=2,N6=1,N7=1,N8=1,N9=1,N10=2"
"49","1","1","1","1","2","2","N1=2,N2=1,N3=1,N4=1,N5=2,N6=1,N7=1,N8=1,N9=2,N10=2"
"50","1","2","1","1","2","2","N1=2,N2=2,N3=2,N4=2,N5=2,N6=1,N7=1,N8=2,N9=1,N10=2"
"50","1","2","1","1","2","2","N1=1,N2=1,N3=2,N4=2,N5=1,N6=2,N7=2,N8=2,N9=1,N10=2"
"50","1","2","1","1","2","2","N1=1,N2=1,N3=2,N4=2,N5=1,N6=1,N7=1,N8=1,N9=1,N10=1"
"50","1","2","1","1","2","2","N1=2,N2=1,N3=1,N4=1,N5=1,N6=1,N7=1,N8=2,N9=2,N10=2"
"50","1","2","1","1","2","2","N1=1,N2=1,N3=1,N4=2,N5=1,N6=1,N7=1,N8=1,N9=1,N10=1"
"50","1","2","1","1","2","2","N1=1,N2=1,N3=2,N4=1,N5=2,N6=2,N7=2,N8=1,N9=1,N10=2"
"50","1","2","1","1","2","2","N1=2,N2=2,N3=2,N4=1,N5=2,N6=2,N7=2,N8=2,N9=1,N10=1"
"50","1","2","1","1","2","2","N1=2,N2=1,N3=2,N4=2,N5=2,N6=2,N7=1,N8=1,N9=2,N10=1"
"50","1","2","1","1","2","2","N1=1,N2=2,N3=2,N4=1,N5=1,N6=2,N7=2,N8=1,N9=1,N10=2"
"50","1","2","1","1","2","2","N1=2,N2=2,N3=2,N4=2,N5=1,N6=1,N7=2,N8=2,N9=2,N10=1"
"51","1","1","1","1","2","1","N1=2,N2=1,N3=2,N4=1,N5=2,N6=1,N7=2,N8=2,N9=2,N10=2"
"51","1","1","1","1","2","1","N1=2,N2=1,N3=1,N4=1,N5=1,N6=1,N7=1,N8=1,N9=1,N10=2"
"51","1","1","1","1","2","1","N1=2,N2=1,N3=1,N4=2,N5=1,N6=1,N7=1,N8=2,N9=2,N10=1"
"51","1","1","1","1","2","1","N1=2,N2=1,N3=2,N4=1,N5=2,N6=1,N7=2,N8=2,N9=1,N10=1"
"51","1","1","1","1","2","1","N1=2,N2=1,N3=1,N4=2,N5=1,N6=2,N7=2,N8=2,N9=2,N10=2"
"51","1","1","1","1","2","1","N1=1,N2=1,N3=1,N4=1,N5=2,N6=1,N7=1,N8=1,N9=1,N10=1"
"51","1","1","1","1","2","1","N1=2,N2=1,N3=2,N4=1,N5=1,N6=2,N7=2,N8=2,N9=1,N10=1"
"51","1","1","1","1","2","1","N1=2,N2=1,N3=2,N4=1,N5=2,N6=2,N7=1,N8=1,N9=2,N10=1"
"51","1","1","1","1","2","1","N1=1,N2=1,N3=1,N4=1,N5=1,N6=2,N7=1,N8=2,N9=2,N10=2"
"51","1","1","1","1","2","1","N1=1,N2=2,N3=2,N4=2,N5=1,N6=1,N7=1,N8=1,N9=1,N10=1"
"52","1","2","1","1","2","2","N1=1,N2=1,N3=2,N4=2,N5=2,N6=2,N7=2,N8=2,N9=2,N10=1"
"52","1","2","1","1","2","2","N1=2,N2=1,N3=1,N4=1,N5=1,N6=2,N7=2,N8=1,N9=1,N10=2"
"52","1","2","1","1","2","2","N1=1,N2=2,N3=1,N4=1,N5=2,N6=1,N7=2,N8=1,N9=1,N10=2"
"52","1","2","1","1","2","2","N1=2,N2=1,N3=2,N4=2,N5=2,N6=2,N7=1,N8=1,N9=2,N10=2"
"52","1","2","1","1","2","2","N1=2,N2=2,N3=1,N4=1,N5=1,N6=1,N7=1,N8=2,N9=1,N10=1"
"52","1","2","1","1","2","2","N1=2,N2=2,N3=1,N4=1,N5=2,N6=2,N7=1,N8=1,N9=2,N10=2"
"52","1","2","1","1","2","2","N1=2,N2=1,N3=1,N4=2,N5=2,N6=2,N7=2,N8=1,N9=2,N10=2"
"52","1","2","1","1","2","2","N1=1,N2=1,N3=1,N4=1,N5=1,N6=1,N7=1,N8=2,N9=1,N10=2"
"52","1","2","1","1","2","2","N1=2,N2=1,N3=2,N4=2,N5=2,N6=1,N7=1,N8=2,N9=2,N10=2"
"52","1","2","1","1","2","2","N1=2,N2=2,N3=1,N4=2,N5=1,N6=2,N7=1,N8=1,N9=1,N10=2"
"53","1","1","2","1","2","2","N1=2,N2=1,N3=2,N4=1,N5=1,N6=2,N7=1,N8=2,N9=2,N10=2"
"53","1","1","2","1","2","2","N1=2,N2=1,N3=1,N4=1,N5=1,N6=1,N7=1,N8=2,N9=2,N10=1"
"53","1","1","2","1","2","2","N1=2,N2=1,N3=2,N4=2,N5=1,N6=2,N7=2,N8=2,N9=2,N10=1"
"53","1","1","2","1","2","2","N1=2,N2=1,N3=1,N4=2,N5=1,N6=2,N7=2,N8=2,N9=1,N10=1"
"53","1","1","2","1","2","2","N1=1,N2=1,N3=1,N4=2,N5=1,N6=2,N7=2,N8=2,N9=1,N10=2"
"53","1","1","2","1","2","2","N1=2,N2=1,N3=2,N4=2,N5=2,N6=2,N7=2,N8=1,N9=1,N10=2"
"53","1","1","2","1","2","2","N1=1,N2=1,N3=1,N4=1,N5=2,N6=1,N7=1,N8=1,N9=1,N10=1"
"53","1","1","2","1","2","2","N1=2,N2=1,N3=1,N4=1,N5=1,N6=2,N7=1,N8=1,N9=1,N10=1"
"53","1","1","2","1","2","2","N1=2,N2=1,N3=2,N4=2,N5=2,N6=1,N7=2,N8=1,N9=2,N10=2"
"53","1","1","2","1","2","2","N1=2,N2=1,N3=2,N4=2,N5=1,N6=1,N7=2,N8=2,N9=1,N10=1"
"54","1","1","1","1","1","2","N1=1,N2=2,N3=2,N4=1,N5=1,N6=1,N7=1,N8=2,N9=2,N10=2"
"54","1","1","1","1","1","2","N1=2,N2=1,N3=2,N4=1,N5=1,N6=1,N7=2,N8=2,N9=2,N10=2"
"54","1","1","1","1","1","2","N1=2,N2=1,N3=1,N4=1,N5=1,N6=1,N7=2,N8=2,N9=1,N10=2"
"54","1","1","1","1","1","2","N1=1,N2=2,N3=2,N4=2,N5=2,N6=1,N7=1,N8=2,N9=1,N10=2"
"54","1","1","1","1","1","2","N1=2,N2=1,N3=2,N4=1,N5=1,N6=1,N7=2,N8=1,N9=1,N10=1"
"54","1","1","1","1","1","2","N1=1,N2=1,N3=1,N4=1,N5=2,N6=2,N7=2,N8=1,N9=2,N10=1"
"54","1","1","1","1","1","2","N1=2,N2=1,N3=1,N4=2,N5=1,N6=2,N7=1,N8=2,N9=2,N10=1"
"54","1","1","1","1","1","2","N1=2,N2=1,N3=2,N4=2,N5=2,N6=2,N7=2,N8=1,N9=1,N10=1"
"54","1","1","1","1","1","2","N1=2,N2=1,N3=2,N4=2,N5=2,N6=2,N7=1,N8=2,N9=2,N10=1"
"54","1","1","1","1","1","2","N1=2,N2=2,N3=2,N4=1,N5=1,N6=2,N7=2,N8=1,N9=1,N10=2"
"55","1","1","2","1","1","2","N1=2,N2=2,N3=2,N4=2,N5=1,N6=2,N7=1,N8=2,N9=2,N10=2"
"55","1","1","2","1","1","2","N1=2,N2=1,N3=1,N4=1,N5=1,N6=1,N7=1,N8=1,N9=1,N10=2"
"55","1","1","2","1","1","2","N1=1,N2=1,N3=2,N4=2,N5=1,N6=1,N7=2,N8=2,N9=1,N10=1"
"55","1","1","2","1","1","2","N1=2,N2=1,N3=1,N4=1,N5=2,N6=2,N7=1,N8=1,N9=1,N10=1"
"55","1","1","2","1","1","2","N1=2,N2=1,N3=1,N4=1,N5=2,N6=2,N7=1,N8=2,N9=2,N10=2"
"55","1","1","2","1","1","2","N1=2,N2=1,N3=2,N4=2,N5=1,N6=1,N7=2,N8=1,N9=2,N10=1"
"55","1","1","2","1","1","2","N1=1,N2=1,N3=2,N4=2,N5=1,N6=2,N7=2,N8=1,N9=1,N10=2"
"55","1","1","2","1","1","2","N1=2,N2=1,N3=2,N4=2,N5=2,N6=1,N7=2,N8=1,N9=1,N10=1"
"55","1","1","2","1","1","2","N1=2,N2=1,N3=2,N4=2,N5=1,N6=2,N7=2,N8=1,N9=1,N10=2"
"55","1","1","2","1","1","2","N1=2,N2=1,N3=2,N4=1,N5=2,N6=1,N7=2,N8=1,N9=1,N10=1"
"56","1","2","1","2","1","1","N1=1,N2=1,N3=2,N4=2,N5=1,N6=2,N7=1,N8=2,N9=1,N10=2"
"56","1","2","1","2","1","1","N1=1,N2=1,N3=2,N4=2,N5=1,N6=1,N7=2,N8=1,N9=1,N10=1"
"56","1","2","1","2","1","1","N1=2,N2=1,N3=1,N4=2,N5=2,N6=2,N7=2,N8=1,N9=1,N10=1"
"56","1","2","1","2","1","1","N1=2,N2=1,N3=1,N4=1,N5=2,N6=2,N7=2,N8=1,N9=1,N10=2"
"56","1","2","1","2","1","1","N1=1,N2=2,N3=2,N4=2,N5=1,N6=1,N7=2,N8=2,N9=1,N10=1"
"56","1","2","1","2","1","1","N1=2,N2=1,N3=2,N4=2,N5=2,N6=2,N7=2,N8=2,N9=1,N10=1"
"56","1","2","1","2","1","1","N1=1,N2=1,N3=1,N4=1,N5=1,N6=2,N7=1,N8=1,N9=1,N10=2"
"56","1","2","1","2","1","1","N1=1,N2=2,N3=2,N4=1,N5=2,N6=1,N7=2,N8=1,N9=1,N10=1"
"56","1","2","1","2","1","1","N1=2,N2=1,N3=2,N4=2,N5=2,N6=2,N7=1,N8=2,N9=2,N10=1"
"56","1","2","1","2","1","1","N1=1,N2=1,N3=2,N4=1,N5=2,N6=2,N7=2,N8=1,N9=2,N10=1"
"57","1","1","2","2","1","2","N1=1,N2=2,N3=2,N4=2,N5=2,N6=1,N7=2,N8=2,N9=2,N10=1"
"57","1","1","2","2","1","2","N1=2,N2=1,N3=2,N4=2,N5=1,N6=2,N7=2,N8=2,N9=1,N10=2"
"57","1","1","2","2","1","2","N1=1,N2=1,N3=2,N4=2,N5=2,N6=1,N7=2,N8=2,N9=1,N10=1"
"57","1","1","2","2","1","2","N1=2,N2=1,N3=2,N4=2,N5=2,N6=2,N7=2,N8=1,N9=1,N10=1"
"57","1","1","2","2","1","2","N1=2,N2=1,N3=2,N4=2,N5=2,N6=2,N7=2,N8=2,N9=1,N10=1"
"57","1","1","2","2","1","2","N1=2,N2=1,N3=2,N4=2,N5=2,N6=2,N7=2,N8=2,N9=2,N10=2"
"57","1","1","2","2","1","2","N1=1,N2=2,N3=2,N4=2,N5=1,N6=1,N7=2,N8=1,N9=1,N10=2"
"57","1","1","2","2","1","2","N1=2,N2=1,N3=1,N4=1,N5=1,N6=1,N7=2,N8=2,N9=2,N10=2"
"57","1","1","2","2","1","2","N1=1,N2=1,N3=2,N4=2,N5=2,N6=1,N7=2,N8=1,N9=2,N10=1"
"57","1","1","2","2","1","2","N1=2,N2=1,N3=1,N4=1,N5=1,N6=2,N7=1,N8=2,N9=2,N10=2"
"58","1","2","1","2","1","2","N1=2,N2=1,N3=2,N4=2,N5=1,N6=2,N7=2,N8=2,N9=2,N10=1"
"58","1","2","1","2","1","2","N1=1,N2=1,N3=1,N4=2,N5=2,N6=2,N7=2,N8=2,N9=2,N10=1"
"58","1","2","1","2","1","2","N1=2,N2=1,N3=1,N4=1,N5=1,N6=2,N7=2,N8=1,N9=1,N10=1"
"58","1","2","1","2","1","2","N1=2,N2=2,N3=1,N4=2,N5=1,N6=2,N7=1,N8=1,N9=1,N10=1"
"58","1","2","1","2","1","2","N1=1,N2=1,N3=2,N4=2,N5=2,N6=2,N7=2,N8=1,N9=1,N10=1"
"58","1","2","1","2","1","2","N1=2,N2=2,N3=2,N4=2,N5=1,N6=2,N7=2,N8=1,N9=2,N10=2"
"58","1","2","1","2","1","2","N1=2,N2=1,N3=2,N4=2,N5=1,N6=1,N7=1,N8=2,N9=1,N10=2"
"58","1","2","1","2","1","2","N1=2,N2=1,N3=2,N4=1,N5=1,N6=1,N7=1,N8=2,N9=1,N10=1"
"58","1","2","1","2","1","2","N1=1,N2=1,N3=1,N4=1,N5=1,N6=2,N7=1,N8=1,N9=2,N10=2"
"58","1","2","1","2","1","2","N1=1,N2=1,N3=2,N4=2,N5=1,N6=1,N7=2,N8=2,N9=1,N10=1"
"59","1","1","2","2","2","2","N1=1,N2=1,N3=2,N4=2,N5=2,N6=2,N7=2,N8=2,N9=1,N10=1"
"59","1","1","2","2","2","2","N1=2,N2=1,N3=1,N4=1,N5=2,N6=2,N7=1,N8=1,N9=2,N10=1"
"59","1","1","2","2","2","2","N1=1,N2=1,N3=1,N4=1,N5=1,N6=2,N7=1,N8=1,N9=1,N10=1"
"59","1","1","2","2","2","2","N1=2,N2=1,N3=2,N4=2,N5=1,N6=2,N7=2,N8=1,N9=2,N10=1"
"59","1","1","2","2","2","2","N1=2,N2=2,N3=2,N4=2,N5=1,N6=2,N7=1,N8=2,N9=2,N10=2"
"59","1","1","2","2","2","2","N1=2,N2=1,N3=1,N4=2,N5=1,N6=1,N7=1,N8=1,N9=2,N10=2"
"59","1","1","2","2","2","2","N1=2,N2=1,N3=2,N4=1,N5=2,N6=1,N7=2,N8=1,N9=2,N10=2"
"59","1","1","2","2","2","2","N1=2,N2=1,N3=1,N4=1,N5=1,N6=1,N7=2,N8=2,N9=2,N10=2"
"59","1","1","2","2","2","2","N1=1,N2=2,N3=2,N4=2,N5=1,N6=1,N7=2,N8=1,N9=2,N10=2"
"59","1","1","2","2","2","2","N1=1,N2=1,N3=1,N4=1,N5=2,N6=1,N7=1,N8=1,N9=1,N10=1"
"60","1","1","2","2","1","1","N1=1,N2=2,N3=2,N4=1,N5=1,N6=1,N7=2,N8=1,N9=2,N10=2"
"60","1","1","2","2","1","1","N1=2,N2=2,N3=2,N4=2,N5=1,N6=1,N7=1,N8=2,N9=2,N10=1"
"60","1","1","2","2","1","1","N1=1,N2=1,N3=1,N4=2,N5=1,N6=2,N7=1,N8=2,N9=1,N10=2"
"60","1","1","2","2","1","1","N1=1,N2=1,N3=1,N4=2,N5=1,N6=1,N7=1,N8=1,N9=1,N10=1"
"60","1","1","2","2","1","1","N1=2,N2=1,N3=1,N4=2,N5=1,N6=2,N7=1,N8=2,N9=1,N10=2"
"60","1","1","2","2","1","1","N1=2,N2=1,N3=2,N4=2,N5=2,N6=1,N7=1,N8=2,N9=1,N10=2"
"60","1","1","2","2","1","1","N1=1,N2=2,N3=2,N4=2,N5=1,N6=1,N7=1,N8=1,N9=2,N10=2"
"60","1","1","2","2","1","1","N1=2,N2=2,N3=2,N4=1,N5=2,N6=1,N7=2,N8=1,N9=1,N10=1"
"60","1","1","2","2","1","1","N1=2,N2=2,N3=2,N4=2,N5=2,N6=2,N7=1,N8=1,N9=2,N10=1"
"60","1","1","2","2","1","1","N1=2,N2=1,N3=1,N4=2,N5=1,N6=2,N7=1,N8=1,N9=1,N10=2"
"61","2","2","2","1","1","2","N1=1,N2=2,N3=1,N4=1,N5=1,N6=1,N7=2,N8=1,N9=2,N10=1"
"61","2","2","2","1","1","2","N1=1,N2=1,N3=2,N4=1,N5=2,N6=1,N7=2,N8=2,N9=2,N10=2"
"61","2","2","2","1","1","2","N1=1,N2=2,N3=1,N4=2,N5=2,N6=2,N7=1,N8=1,N9=2,N10=1"
"61","2","2","2","1","1","2","N1=2,N2=1,N3=2,N4=1,N5=2,N6=2,N7=1,N8=2,N9=2,N10=1"
"61","2","2","2","1","1","2","N1=2,N2=1,N3=1,N4=2,N5=1,N6=2,N7=1,N8=1,N9=1,N10=2"
"61","2","2","2","1","1","2","N1=1,N2=2,N3=1,N4=2,N5=2,N6=2,N7=1,N8=1,N9=1,N10=2"
"61","2","2","2","1","1","2","N1=2,N2=1,N3=1,N4=1,N5=2,N6=1,N7=2,N8=2,N9=2,N10=2"
"61","2","2","2","1","1","2","N1=1,N2=1,N3=1,N4=1,N5=1,N6=1,N7=1,N8=2,N9=2,N10=1"
"61","2","2","2","1","1","2","N1=1,N2=1,N3=2,N4=1,N5=1,N6=2,N7=1,N8=1,N9=1,N10=2"
"61","2","2","2","1","1","2","N1=1,N2=1,N3=1,N4=2,N5=2,N6=2,N7=1,N8=1,N9=1,N10=1"
"62","2","1","1","2","2","2","N1=2,N2=1,N3=2,N4=1,N5=1,N6=2,N7=1,N8=1,N9=1,N10=2"
"62","2","1","1","2","2","2","N1=2,N2=1,N3=1,N4=2,N5=1,N6=2,N7=2,N8=2,N9=2,N10=2"
"62","2","1","1","2","2","2","N1=1,N2=1,N3=2,N4=2,N5=1,N6=1,N7=1,N8=2,N9=2,N10=2"
"62","2","1","1","2","2","2","N1=2,N2=2,N3=2,N4=1,N5=2,N6=1,N7=2,N8=1,N9=1,N10=1"
"62","2","1","1","2","2","2","N1=2,N2=1,N3=1,N4=2,N5=2,N6=2,N7=2,N8=2,N9=1,N10=2"
"62","2","1","1","2","2","2","N1=1,N2=2,N3=1,N4=1,N5=1,N6=1,N7=1,N8=1,N9=2,N10=1"
"62","2","1","1","2","2","2","N1=1,N2=1,N3=1,N4=2,N5=1,N6=1,N7=2,N8=2,N9=1,N10=2"
"62","2","1","1","2","2","2","N1=2,N2=1,N3=1,N4=1,N5=1,N6=2,N7=2,N8=1,N9=1,N10=1"
"62","2","1","1","2","2","2","N1=2,N2=2,N3=1,N4=1,N5=2,N6=2,N7=1,N8=1,N9=2,N10=2"
"62","2","1","1","2","2","2","N1=2,N2=1,N3=2,N4=2,N5=1,N6=2,N7=2,N8=2,N9=2,N10=1"
"63","2","1","1","2","1","2","N1=1,N2=1,N3=1,N4=1,N5=1,N6=1,N7=2,N8=1,N9=1,N10=1"
"63","2","1","1","2","1","2","N1=1,N2=1,N3=1,N4=2,N5=2,N6=2,N7=2,N8=1,N9=2,N10=2"
"63","2","1","1","2","1","2","N1=2,N2=2,N3=2,N4=1,N5=2,N6=1,N7=1,N8=1,N9=1,N10=1"
"63","2","1","1","2","1","2","N1=2,N2=1,N3=2,N4=2,N5=2,N6=1,N7=2,N8=2,N9=2,N10=2"
"63","2","1","1","2","1","2","N1=1,N2=2,N3=2,N4=1,N5=1,N6=1,N7=1,N8=1,N9=1,N10=2"
"63","2","1","1","2","1","2","N1=1,N2=1,N3=2,N4=2,N5=1,N6=1,N7=2,N8=2,N9=2,N10=1"
"63","2","1","1","2","1","2","N1=2,N2=1,N3=2,N4=2,N5=2,N6=2,N7=2,N8=1,N9=1,N10=2"
"63","2","1","1","2","1","2","N1=1,N2=2,N3=1,N4=1,N5=1,N6=2,N7=1,N8=2,N9=1,N10=1"
"63","2","1","1","2","1","2","N1=1,N2=2,N3=1,N4=1,N5=1,N6=1,N7=1,N8=1,N9=2,N10=2"
"63","2","1","1","2","1","2","N1=1,N2=1,N3=1,N4=2,N5=2,N6=1,N7=2,N8=2,N9=2,N10=1"
"64","2","1","2","2","1","1","N1=1,N2=1,N3=1,N4=2,N5=1,N6=1,N7=1,N8=1,N9=1,N10=1"
"64","2","1","2","2","1","1","N1=2,N2=2,N3=1,N4=2,N5=1,N6=2,N7=2,N8=2,N9=2,N10=1"
"64","2","1","2","2","1","1","N1=1,N2=2,N3=1,N4=2,N5=1,N6=1,N7=1,N8=1,N9=2,N10=2"
"64","2","1","2","2","1","1","N1=2,N2=1,N3=2,N4=1,N5=1,N6=2,N7=2,N8=2,N9=1,N10=1"
"64","2","1","2","2","1","1","N1=2,N2=2,N3=1,N4=2,N5=1,N6=2,N7=1,N8=1,N9=2,N10=2"
"64","2","1","2","2","1","1","N1=1,N2=1,N3=2,N4=1,N5=1,N6=1,N7=1,N8=2,N9=1,N10=2"
"64","2","1","2","2","1","1","N1=1,N2=2,N3=1,N4=1,N5=1,N6=1,N7=2,N8=2,N9=2,N10=1"
"64","2","1","2","2","1","1","N1=2,N2=2,N3=1,N4=2,N5=1,N6=2,N7=1,N8=1,N9=2,N10=2"
"64","2","1","2","2","1","1","N1=1,N2=1,N3=2,N4=2,N5=2,N6=1,N7=1,N8=2,N9=2,N10=2"
"64","2","1","2","2","1","1","N1=1,N2=1,N3=2,N4=1,N5=2,N6=2,N7=1,N8=1,N9=2,N10=2"
"65","2","1","2","1","1","1","N1=1,N2=2,N3=1,N4=1,N5=1,N6=2,N7=1,N8=1,N9=1,N10=2"
"65","2","1","2","1","1","1","N1=1,N2=1,N3=2,N4=2,N5=2,N6=2,N7=1,N8=1,N9=2,N10=1"
"65","2","1","2","1","1","1","N1=2,N2=1,N3=2,N4=1,N5=2,N6=2,N7=2,N8=2,N9=2,N10=1"
"65","2","1","2","1","1","1","N1=2,N2=2,N3=1,N4=2,N5=1,N6=2,N7=1,N8=2,N9=1,N10=2"
"65","2","1","2","1","1","1","N1=1,N2=1,N3=2,N4=2,N5=2,N6=2,N7=2,N8=2,N9=1,N10=1"
"65","2","1","2","1","1","1","N1=2,N2=1,N3=1,N4=2,N5=1,N6=2,N7=2,N8=1,N9=1,N10=1"
"65","2","1","2","1","1","1","N1=1,N2=2,N3=1,N4=1,N5=2,N6=2,N7=1,N8=2,N9=2,N10=2"
"65","2","1","2","1","1","1","N1=1,N2=1,N3=2,N4=2,N5=2,N6=2,N7=1,N8=2,N9=2,N10=2"
"65","2","1","2","1","1","1","N1=2,N2=2,N3=1,N4=1,N5=2,N6=1,N7=1,N8=1,N9=2,N10=2"
"65","2","1","2","1","1","1","N1=2,N2=1,N3=2,N4=1,N5=1,N6=2,N7=1,N8=2,N9=2,N10=1"
"66","2","2","1","1","1","1","N1=1,N2=1,N3=1,N4=1,N5=1,N6=1,N7=1,N8=2,N9=1,N10=1"
"66","2","2","1","1","1","1","N1=1,N2=1,N3=1,N4=2,N5=2,N6=1,N7=2,N8=1,N9=1,N10=1"
"66","2","2","1","1","1","1","N1=1,N2=1,N3=2,N4=1,N5=1,N6=1,N7=1,N8=2,N9=1,N10=1"
"66","2","2","1","1","1","1","N1=1,N2=2,N3=1,N4=1,N5=1,N6=2,N7=2,N8=1,N9=1,N10=2"
"66","2","2","1","1","1","1","N1=1,N2=2,N3=2,N4=2,N5=1,N6=1,N7=1,N8=2,N9=2,N10=1"
"66","2","2","1","1","1","1","N1=1,N2=1,N3=1,N4=1,N5=1,N6=1,N7=2,N8=1,N9=2,N10=2"
"66","2","2","1","1","1","1","N1=2,N2=1,N3=1,N4=2,N5=1,N6=2,N7=1,N8=2,N9=1,N10=1"
"66","2","2","1","1","1","1","N1=1,N2=1,N3=2,N4=2,N5=1,N6=1,N7=1,N8=2,N9=2,N10=1"
"66","2","2","1","1","1","1","N1=2,N2=1,N3=2,N4=2,N5=2,N6=2,N7=2,N8=1,N9=1,N10=2"
"66","2","2","1","1","1","1","N1=1,N2=2,N3=1,N4=1,N5=2,N6=1,N7=1,N8=1,N9=2,N10=1"
"67","2","1","1","1","1","2","N1=2,N2=2,N3=2,N4=1,N5=1,N6=2,N7=1,N8=1,N9=1,N10=2"
"67","2","1","1","1","1","2","N1=1,N2=1,N3=2,N4=2,N5=1,N6=2,N7=1,N8=2,N9=2,N10=2"
"67","2","1","1","1","1","2","N1=2,N2=1,N3=2,N4=2,N5=1,N6=2,N7=1,N8=1,N9=2,N10=1"
"67","2","1","1","1","1","2","N1=1,N2=1,N3=2,N4=1,N5=1,N6=1,N7=2,N8=2,N9=2,N10=2"
"67","2","1","1","1","1","2","N1=1,N2=2,N3=1,N4=2,N5=2,N6=2,N7=2,N8=1,N9=1,N10=1"
"67","2","1","1","1","1","2","N1=2,N2=1,N3=2,N4=1,N5=1,N6=2,N7=1,N8=2,N9=2,N10=1"
"67","2","1","1","1","1","2","N1=2,N2=1,N3=2,N4=2,N5=1,N6=2,N7=1,N8=2,N9=2,N10=1"
"67","2","1","1","1","1","2","N1=1,N2=1,N3=2,N4=1,N5=2,N6=1,N7=1,N8=1,N9=2,N10=2"
"67","2","1","1","1","1","2","N1=1,N2=2,N3=2,N4=2,N5=1,N6=2,N7=2,N8=2,N9=1,N10=2"
"67","2","1","1","1","1","2","N1=1,N2=1,N3=2,N4=1,N5=2,N6=2,N7=1,N8=2,N9=1,N10=1"
"68","2","2","2","2","1","2","N1=2,N2=1,N3=2,N4=1,N5=1,N6=1,N7=1,N8=1,N9=1,N10=1"
"68","2","2","2","2","1","2","N1=2,N2=1,N3=1,N4=2,N5=2,N6=1,N7=2,N8=1,N9=1,N10=2"
"68","2","2","2","2","1","2","N1=1,N2=1,N3=2,N4=2,N5=2,N6=2,N7=2,N8=2,N9=1,N10=2"
"68","2","2","2","2","1","2","N1=1,N2=2,N3=1,N4=1,N5=1,N6=1,N7=1,N8=2,N9=2,N10=2"
"68","2","2","2","2","1","2","N1=1,N2=1,N3=1,N4=2,N5=1,N6=2,N7=2,N8=1,N9=1,N10=1"
"68","2","2","2","2","1","2","N1=1,N2=1,N3=2,N4=1,N5=1,N6=2,N7=2,N8=2,N9=1,N10=2"
"68","2","2","2","2","1","2","N1=1,N2=2,N3=1,N4=2,N5=1,N6=2,N7=1,N8=2,N9=2,N10=1"
"68","2","2","2","2","1","2","N1=2,N2=1,N3=2,N4=2,N5=1,N6=2,N7=1,N8=1,N9=1,N10=2"
"68","2","2","2","2","1","2","N1=1,N2=1,N3=1,N4=1,N5=2,N6=1,N7=2,N8=2,N9=1,N10=2"
"68","2","2","2","2","1","2","N1=1,N2=2,N3=2,N4=1,N5=1,N6=1,N7=1,N8=1,N9=1,N10=2"
"69","2","1","2","1","2","2","N1=1,N2=1,N3=1,N4=1,N5=2,N6=2,N7=1,N8=1,N9=1,N10=1"
"69","2","1","2","1","2","2","N1=1,N2=1,N3=1,N4=2,N5=2,N6=2,N7=1,N8=2,N9=2,N10=1"
"69","2","1","2","1","2","2","N1=2,N2=2,N3=1,N4=2,N5=2,N6=1,N7=1,N8=1,N9=2,N10=1"
"69","2","1","2","1","2","2","N1=1,N2=1,N3=2,N4=2,N5=2,N6=2,N7=2,N8=2,N9=1,N10=2"
"69","2","1","2","1","2","2","N1=2,N2=2,N3=1,N4=2,N5=1,N6=2,N7=1,N8=2,N9=1,N10=2"
"69","2","1","2","1","2","2","N1=1,N2=2,N3=2,N4=1,N5=2,N6=2,N7=1,N8=2,N9=2,N10=2"
"69","2","1","2","1","2","2","N1=2,N2=1,N3=1,N4=2,N5=2,N6=1,N7=1,N8=2,N9=2,N10=2"
"69","2","1","2","1","2","2","N1=1,N2=1,N3=1,N4=1,N5=2,N6=1,N7=2,N8=1,N9=1,N10=1"
"69","2","1","2","1","2","2","N1=1,N2=1,N3=2,N4=2,N5=1,N6=1,N7=2,N8=2,N9=2,N10=1"
"69","2","1","2","1","2","2","N1=2,N2=1,N3=2,N4=1,N5=2,N6=1,N7=2,N8=1,N9=2,N10=2"
"70","2","1","1","2","2","2","N1=1,N2=1,N3=1,N4=1,N5=1,N6=2,N7=1,N8=1,N9=1,N10=1"
"70","2","1","1","2","2","2","N1=1,N2=2,N3=1,N4=1,N5=1,N6=1,N7=1,N8=2,N9=2,N10=2"
"70","2","1","1","2","2","2","N1=2,N2=1,N3=1,N4=2,N5=2,N6=2,N7=2,N8=1,N9=2,N10=1"
"70","2","1","1","2","2","2","N1=1,N2=2,N3=1,N4=1,N5=1,N6=1,N7=2,N8=2,N9=1,N10=2"
"70","2","1","1","2","2","2","N1=1,N2=1,N3=1,N4=2,N5=2,N6=2,N7=1,N8=2,N9=2,N10=1"
"70","2","1","1","2","2","2","N1=2,N2=2,N3=1,N4=1,N5=2,N6=1,N7=2,N8=2,N9=2,N10=1"
"70","2","1","1","2","2","2","N1=2,N2=2,N3=1,N4=2,N5=1,N6=2,N7=2,N8=1,N9=1,N10=2"
"70","2","1","1","2","2","2","N1=1,N2=2,N3=1,N4=1,N5=1,N6=2,N7=1,N8=2,N9=2,N10=2"
"70","2","1","1","2","2","2","N1=1,N2=1,N3=1,N4=2,N5=1,N6=2,N7=1,N8=1,N9=2,N10=1"
"70","2","1","1","2","2","2","N1=1,N2=1,N3=1,N4=1,N5=1,N6=1,N7=2,N8=2,N9=2,N10=2"
"71","2","1","2","1","2","1","N1=1,N2=1,N3=2,N4=1,N5=1,N6=2,N7=1,N8=2,N9=1,N10=2"
"71","2","1","2","1","2","1","N1=1,N2=2,N3=2,N4=2,N5=1,N6=2,N7=1,N8=1,N9=2,N10=1"
"71","2","1","2","1","2","1","N1=2,N2=1,N3=1,N4=2,N5=2,N6=1,N7=1,N8=1,N9=2,N10=2"
"71","2","1","2","1","2","1","N1=1,N2=1,N3=1,N4=1,N5=2,N6=2,N7=2,N8=2,N9=1,N10=2"
"71","2","1","2","1","2","1","N1=1,N2=1,N3=2,N4=2,N5=1,N6=1,N7=1,N8=1,N9=1,N10=2"
"71","2","1","2","1","2","1","N1=1,N2=2,N3=1,N4=1,N5=1,N6=2,N7=2,N8=2,N9=2,N10=1"
"71","2","1","2","1","2","1","N1=1,N2=2,N3=1,N4=1,N5=1,N6=1,N7=1,N8=1,N9=2,N10=1"
"71","2","1","2","1","2","1","N1=1,N2=1,N3=1,N4=2,N5=1,N6=2,N7=2,N8=2,N9=1,N10=2"
"71","2","1","2","1","2","1","N1=2,N2=2,N3=2,N4=1,N5=1,N6=2,N7=1,N8=1,N9=2,N10=1"
"71","2","1","2","1","2","1","N1=2,N2=1,N3=2,N4=2,N5=1,N6=2,N7=1,N8=2,N9=2,N10=1"
"72","2","2","2","2","1","2","N1=1,N2=2,N3=2,N4=2,N5=1,N6=2,N7=1,N8=1,N9=2,N10=1"
"72","2","2","2","2","1","2","N1=2,N2=1,N3=2,N4=1,N5=1,N6=2,N7=1,N8=2,N9=2,N10=2"
"72","2","2","2","2","1","2","N1=1,N2=1,N3=1,N4=2,N5=1,N6=1,N7=1,N8=1,N9=1,N10=2"
"72","2","2","2","2","1","2","N1=2,N2=1,N3=2,N4=1,N5=1,N6=2,N7=2,N8=2,N9=2,N10=1"
"72","2","2","2","2","1","2","N1=1,N2=1,N3=2,N4=1,N5=1,N6=2,N7=1,N8=1,N9=2,N10=2"
"72","2","2","2","2","1","2","N1=1,N2=1,N3=1,N4=2,N5=1,N6=1,N7=1,N8=1,N9=1,N10=1"
"72","2","2","2","2","1","2","N1=2,N2=1,N3=1,N4=1,N5=2,N6=2,N7=2,N8=1,N9=1,N10=2"
"72","2","2","2","2","1","2","N1=1,N2=1,N3=1,N4=2,N5=2,N6=2,N7=1,N8=2,N9=1,N10=1"
"72","2","2","2","2","1","2","N1=2,N2=2,N3=2,N4=2,N5=2,N6=1,N7=1,N8=1,N9=1,N10=1"
"72","2","2","2","2","1","2","N1=1,N2=1,N3=2,N4=2,N5=2,N6=2,N7=2,N8=2,N9=2,N10=2"
"73","2","1","1","1","1","1","N1=1,N2=2,N3=1,N4=1,N5=1,N6=2,N7=2,N8=1,N9=1,N10=2"
"73","2","1","1","1","1","1","N1=1,N2=2,N3=1,N4=1,N5=1,N6=1,N7=1,N8=2,N9=2,N10=2"
"73","2","1","1","1","1","1","N1=1,N2=1,N3=1,N4=2,N5=1,N6=1,N7=2,N8=1,N9=2,N10=2"
"73","2","1","1","1","1","1","N1=1,N2=1,N3=1,N4=1,N5=2,N6=2,N7=1,N8=1,N9=1,N10=1"
"73","2","1","1","1","1","1","N1=1,N2=1,N3=2,N4=2,N5=2,N6=2,N7=1,N8=2,N9=1,N10=2"
"73","2","1","1","1","1","1","N1=1,N2=2,N3=2,N4=2,N5=2,N6=2,N7=1,N8=1,N9=1,N10=2"
"73","2","1","1","1","1","1","N1=2,N2=1,N3=1,N4=2,N5=2,N6=2,N7=2,N8=2,N9=2,N10=1"
"73","2","1","1","1","1","1","N1=1,N2=1,N3=1,N4=2,N5=1,N6=1,N7=1,N8=1,N9=2,N10=2"
"73","2","1","1","1","1","1","N1=2,N2=2,N3=2,N4=2,N5=2,N6=1,N7=2,N8=1,N9=1,N10=2"
"73","2","1","1","1","1","1","N1=1,N2=1,N3=1,N4=2,N5=1,N6=2,N7=2,N8=2,N9=1,N10=1"
"74","2","2","1","2","2","1","N1=1,N2=2,N3=1,N4=1,N5=1,N6=2,N7=1,N8=2,N9=1,N10=2"
"74","2","2","1","2","2","1","N1=1,N2=2,N3=2,N4=2,N5=1,N6=1,N7=2,N8=1,N9=1,N10=1"
"74","2","2","1","2","2","1","N1=2,N2=2,N3=1,N4=1,N5=1,N6=2,N7=2,N8=2,N9=2,N10=2"
"74","2","2","1","2","2","1","N1=2,N2=1,N3=1,N4=2,N5=2,N6=2,N7=2,N8=2,N9=2,N10=2"
"74","2","2","1","2","2","1","N1=1,N2=1,N3=2,N4=1,N5=1,N6=1,N7=1,N8=1,N9=2,N10=2"
"74","2","2","1","2","2","1","N1=1,N2=2,N3=2,N4=2,N5=2,N6=2,N7=1,N8=2,N9=1,N10=1"
"74","2","2","1","2","2","1","N1=2,N2=1,N3=2,N4=1,N5=1,N6=2,N7=1,N8=1,N9=2,N10=1"
"74","2","2","1","2","2","1","N1=2,N2=2,N3=1,N4=1,N5=1,N6=2,N7=1,N8=2,N9=1,N10=1"
"74","2","2","1","2","2","1","N1=2,N2=1,N3=1,N4=1,N5=1,N6=2,N7=2,N8=1,N9=2,N10=2"
"74","2","2","1","2","2","1","N1=2,N2=2,N3=2,N4=2,N5=2,N6=1,N7=1,N8=1,N9=2,N10=2"
"75","2","1","2","1","2","2","N1=1,N2=1,N3=2,N4=2,N5=1,N6=1,N7=1,N8=2,N9=2,N10=2"
"75","2","1","2","1","2","2","N1=2,N2=2,N3=1,N4=1,N5=2,N6=1,N7=1,N8=1,N9=2,N10=2"
"75","2","1","2","1","2","2","N1=2,N2=1,N3=1,N4=1,N5=2,N6=1,N7=2,N8=2,N9=1,N10=1"
"75","2","1","2","1","2","2","N1=2,N2=1,N3=2,N4=2,N5=1,N6=2,N7=1,N8=1,N9=1,N10=2"
"75","2","1","2","1","2","2","N1=1,N2=1,N3=1,N4=1,N5=2,N6=2,N7=2,N8=2,N9=1,N10=2"
"75","2","1","2","1","2","2","N1=1,N2=2,N3=1,N4=2,N5=1,N6=2,N7=2,N8=1,N9=1,N10=2"
"75","2","1","2","1","2","2","N1=1,N2=1,N3=2,N4=2,N5=1,N6=2,N7=1,N8=2,N9=2,N10=1"
"75","2","1","2","1","2","2","N1=2,N2=2,N3=1,N4=1,N5=2,N6=1,N7=1,N8=1,N9=2,N10=2"
"75","2","1","2","1","2","2","N1=1,N2=1,N3=1,N4=2,N5=2,N6=1,N7=2,N8=2,N9=2,N10=1"
"75","2","1","2","1","2","2","N1=2,N2=2,N3=1,N4=2,N5=1,N6=2,N7=1,N8=1,N9=2,N10=1"
"76","2","2","2","2","2","2","N1=2,N2=1,N3=2,N4=1,N5=1,N6=2,N7=1,N8=2,N9=1,N10=2"
"76","2","2","2","2","2","2","N1=2,N2=2,N3=1,N4=2,N5=1,N6=1,N7=1,N8=2,N9=2,N10=2"
"76","2","2","2","2","2","2","N1=1,N2=1,N3=1,N4=1,N5=1,N6=1,N7=1,N8=1,N9=2,N10=2"
"76","2","2","2","2","2","2","N1=1,N2=2,N3=1,N4=2,N5=1,N6=1,N7=2,N8=2,N9=1,N10=1"
"76","2","2","2","2","2","2","N1=1,N2=1,N3=2,N4=1,N5=2,N6=2,N7=1,N8=1,N9=1,N10=2"
"76","2","2","2","2","2","2","N1=1,N2=1,N3=2,N4=2,N5=2,N6=2,N7=1,N8=1,N9=1,N10=2"
"76","2","2","2","2","2","2","N1=2,N2=2,N3=2,N4=2,N5=2,N6=2,N7=1,N8=2,N9=2,N10=1"
"76","2","2","2","2","2","2","N1=1,N2=1,N3=1,N4=1,N5=1,N6=2,N7=1,N8=1,N9=2,N10=2"
"76","2","2","2","2","2","2","N1=1,N2=2,N3=2,N4=1,N5=1,N6=1,N7=2,N8=2,N9=1,N10=1"
"76","2","2","2","2","2","2","N1=1,N2=1,N3=2,N4=2,N5=2,N6=2,N7=2,N8=2,N9=1,N10=2"
"77","2","2","1","1","1","2","N1=1,N2=2,N3=2,N4=1,N5=1,N6=2,N7=1,N8=1,N9=1,N10=2"
"77","2","2","1","1","1","2","N1=2,N2=2,N3=1,N4=2,N5=2,N6=2,N7=1,N8=2,N9=1,N10=1"
"77","2","2","1","1","1","2","N1=1,N2=1,N3=1,N4=1,N5=2,N6=2,N7=2,N8=2,N9=1,N10=2"
"77","2","2","1","1","1","2","N1=2,N2=2,N3=1,N4=2,N5=2,N6=1,N7=1,N8=1,N9=2,N10=1"
"77","2","2","1","1","1","2","N1=1,N2=1,N3=2,N4=2,N5=2,N6=2,N7=2,N8=1,N9=1,N10=2"
"77","2","2","1","1","1","2","N1=2,N2=2,N3=1,N4=2,N5=1,N6=2,N7=1,N8=2,N9=2,N10=2"
"77","2","2","1","1","1","2","N1=1,N2=1,N3=2,N4=1,N5=2,N6=2,N7=1,N8=2,N9=2,N10=2"
"77","2","2","1","1","1","2","N1=1,N2=1,N3=2,N4=2,N5=2,N6=2,N7=2,N8=1,N9=2,N10=1"
"77","2","2","1","1","1","2","N1=2,N2=2,N3=1,N4=2,N5=1,N6=2,N7=1,N8=2,N9=1,N10=1"
"77","2","2","1","1","1","2","N1=1,N2=1,N3=2,N4=1,N5=2,N6=2,N7=1,N8=2,N9=2,N10=2"
"78","2","1","2","2","2","2","N1=1,N2=2,N3=2,N4=1,N5=1,N6=1,N7=1,N8=1,N9=2,N10=1"
"78","2","1","2","2","2","2","N1=2,N2=1,N3=1,N4=2,N5=1,N6=2,N7=2,N8=2,N9=1,N10=1"
"78","2","1","2","2","2","2","N1=1,N2=2,N3=2,N4=2,N5=1,N6=1,N7=1,N8=2,N9=1,N10=2"
"78","2","1","2","2","2","2","N1=2,N2=1,N3=1,N4=1,N5=2,N6=1,N7=2,N8=2,N9=2,N10=1"
"78","2","1","2","2","2","2","N1=1,N2=1,N3=1,N4=2,N5=1,N6=1,N7=1,N8=2,N9=2,N10=2"
"78","2","1","2","2","2","2","N1=2,N2=2,N3=1,N4=1,N5=2,N6=1,N7=2,N8=2,N9=1,N10=1"
"78","2","1","2","2","2","2","N1=2,N2=2,N3=1,N4=1,N5=2,N6=1,N7=2,N8=2,N9=1,N10=2"
"78","2","1","2","2","2","2","N1=1,N2=2,N3=1,N4=2,N5=1,N6=2,N7=2,N8=1,N9=2,N10=1"
"78","2","1","2","2","2","2","N1=1,N2=1,N3=2,N4=1,N5=1,N6=1,N7=1,N8=2,N9=1,N10=1"
"78","2","1","2","2","2","2","N1=1,N2=1,N3=1,N4=2,N5=1,N6=1,N7=1,N8=2,N9=2,N10=2"
"79","2","2","1","2","2","1","N1=1,N2=1,N3=1,N4=1,N5=1,N6=2,N7=1,N8=1,N9=1,N10=1"
"79","2","2","1","2","2","1","N1=2,N2=1,N3=2,N4=2,N5=2,N6=1,N7=1,N8=1,N9=2,N10=2"
"79","2","2","1","2","2","1","N1=1,N2=1,N3=2,N4=1,N5=2,N6=2,N7=2,N8=1,N9=1,N10=1"
"79","2","2","1","2","2","1","N1=1,N2=2,N3=2,N4=1,N5=2,N6=2,N7=1,N8=1,N9=2,N10=1"
"79","2","2","1","2","2","1","N1=1,N2=2,N3=2,N4=2,N5=2,N6=2,N7=1,N8=2,N9=1,N10=1"
"79","2","2","1","2","2","1","N1=2,N2=1,N3=2,N4=2,N5=2,N6=2,N7=2,N8=2,N9=1,N10=1"
"79","2","2","1","2","2","1","N1=1,N2=1,N3=1,N4=1,N5=1,N6=2,N7=1,N8=1,N9=1,N10=2"
"79","2","2","1","2","2","1","N1=1,N2=1,N3=1,N4=1,N5=1,N6=1,N7=1,N8=2,N9=2,N10=1"
"79","2","2","1","2","2","1","N1=1,N2=2,N3=1,N4=2,N5=2,N6=2,N7=2,N8=1,N9=1,N10=2"
"79","2","2","1","2","2","1","N1=2,N2=1,N3=2,N4=1,N5=1,N6=2,N7=1,N8=2,N9=1,N10=1"
"80","2","2","1","2","2","2","N1=1,N2=1,N3=2,N4=1,N5=1,N6=2,N7=2,N8=2,N9=1,N10=1"
"80","2","2","1","2","2","2","N1=2,N2=2,N3=1,N4=1,N5=1,N6=2,N7=1,N8=1,N9=2,N10=2"
"80","2","2","1","2","2","2","N1=1,N2=1,N3=2,N4=2,N5=1,N6=2,N7=1,N8=2,N9=2,N10=2"
"80","2","2","1","2","2","2","N1=1,N2=1,N3=2,N4=1,N5=2,N6=1,N7=1,N8=1,N9=1,N10=1"
"80","2","2","1","2","2","2","N1=1,N2=1,N3=2,N4=1,N5=2,N6=2,N7=1,N8=1,N9=1,N10=1"
"80","2","2","1","2","2","2","N1=1,N2=1,N3=2,N4=2,N5=2,N6=2,N7=1,N8=1,N9=1,N10=1"
"80","2","2","1","2","2","2","N1=1,N2=1,N3=1,N4=2,N5=2,N6=2,N7=1,N8=1,N9=1,N10=1"
"80","2","2","1","2","2","2","N1=1,N2=1,N3=1,N4=2,N5=2,N6=2,N7=1,N8=2,N9=1,N10=1"
"80","2","2","1","2","2","2","N1=2,N2=1,N3=1,N4=1,N5=2,N6=1,N7=1,N8=1,N9=1,N10=1"
"80","2","2","1","2","2","2","N1=1,N2=2,N3=1,N4=1,N5=2,N6=2,N7=2,N8=2,N9=2,N10=2"
"81","2","2","1","1","1","1","N1=1,N2=1,N3=1,N4=2,N5=1,N6=1,N7=2,N8=1,N9=1,N10=1"
"81","2","2","1","1","1","1","N1=2,N2=2,N3=2,N4=1,N5=1,N6=2,N7=2,N8=1,N9=1,N10=2"
"81","2","2","1","1","1","1","N1=2,N2=1,N3=2,N4=2,N5=1,N6=2,N7=1,N8=2,N9=2,N10=2"
"81","2","2","1","1","1","1","N1=1,N2=2,N3=1,N4=1,N5=2,N6=1,N7=1,N8=1,N9=2,N10=2"
"81","2","2","1","1","1","1","N1=1,N2=1,N3=2,N4=1,N5=2,N6=2,N7=2,N8=2,N9=2,N10=1"
"81","2","2","1","1","1","1","N1=2,N2=1,N3=2,N4=2,N5=2,N6=2,N7=2,N8=1,N9=1,N10=1"
"81","2","2","1","1","1","1","N1=2,N2=1,N3=2,N4=1,N5=1,N6=2,N7=1,N8=1,N9=1,N10=2"
"81","2","2","1","1","1","1","N1=2,N2=2,N3=2,N4=1,N5=1,N6=2,N7=1,N8=1,N9=1,N10=2"
"81","2","2","1","1","1","1","N1=2,N2=1,N3=2,N4=1,N5=2,N6=1,N7=1,N8=2,N9=2,N10=2"
"81","2","2","1","1","1","1","N1=2,N2=2,N3=2,N4=1,N5=1,N6=2,N7=2,N8=1,N9=1,N10=1"
"82","2","2","1","2","1","2","N1=1,N2=1,N3=1,N4=1,N5=1,N6=2,N7=2,N8=1,N9=2,N10=1"
"82","2","2","1","2","1","2","N1=1,N2=2,N3=1,N4=1,N5=2,N6=2,N7=1,N8=1,N9=1,N10=2"
"82","2","2","1","2","1","2","N1=1,N2=2,N3=1,N4=1,N5=1,N6=2,N7=1,N8=2,N9=2,N10=2"
"82","2","2","1","2","1","2","N1=2,N2=1,N3=1,N4=2,N5=2,N6=2,N7=1,N8=1,N9=2,N10=1"
"82","2","2","1","2","1","2","N1=2,N2=1,N3=2,N4=1,N5=2,N6=2,N7=2,N8=1,N9=1,N10=2"
"82","2","2","1","2","1","2","N1=2,N2=2,N3=1,N4=2,N5=1,N6=2,N7=1,N8=2,N9=2,N10=1"
"82","2","2","1","2","1","2","N1=1,N2=1,N3=2,N4=1,N5=1,N6=1,N7=1,N8=1,N9=2,N10=2"
"82","2","2","1","2","1","2","N1=1,N2=2,N3=2,N4=2,N5=1,N6=2,N7=1,N8=2,N9=2,N10=1"
"82","2","2","1","2","1","2","N1=2,N2=2,N3=2,N4=2,N5=2,N6=2,N7=1,N8=2,N9=2,N10=2"
"82","2","2","1","2","1","2","N1=1,N2=1,N3=2,N4=1,N5=2,N6=2,N7=2,N8=2,N9=1,N10=1"
"83","2","1","1","2","1","2","N1=1,N2=1,N3=1,N4=1,N5=1,N6=2,N7=1,N8=1,N9=1,N10=2"
"83","2","1","1","2","1","2","N1=1,N2=1,N3=2,N4=1,N5=1,N6=1,N7=1,N8=2,N9=1,N10=1"
"83","2","1","1","2","1","2","N1=1,N2=2,N3=1,N4=2,N5=1,N6=1,N7=2,N8=2,N9=1,N10=2"
"83","2","1","1","2","1","2","N1=2,N2=2,N3=1,N4=1,N5=2,N6=1,N7=2,N8=2,N9=2,N10=1"
"83","2","1","1","2","1","2","N1=2,N2=1,N3=2,N4=2,N5=1,N6=2,N7=2,N8=1,N9=2,N10=2"
"83","2","1","1","2","1","2","N1=1,N2=2,N3=2,N4=1,N5=1,N6=1,N7=1,N8=2,N9=1,N10=2"
"83","2","1","1","2","1","2","N1=2,N2=1,N3=2,N4=2,N5=2,N6=1,N7=2,N8=2,N9=1,N10=1"
"83","2","1","1","2","1","2","N1=1,N2=1,N3=2,N4=1,N5=1,N6=1,N7=2,N8=1,N9=1,N10=2"
"83","2","1","1","2","1","2","N1=1,N2=2,N3=2,N4=2,N5=2,N6=2,N7=2,N8=1,N9=2,N10=1"
"83","2","1","1","2","1","2","N1=2,N2=2,N3=2,N4=1,N5=2,N6=1,N7=1,N8=2,N9=2,N10=1"
"84","2","1","1","2","2","2","N1=1,N2=1,N3=1,N4=1,N5=1,N6=2,N7=1,N8=1,N9=1,N10=2"
"84","2","1","1","2","2","2","N1=1,N2=2,N3=1,N4=1,N5=2,N6=2,N7=1,N8=1,N9=2,N10=1"
"84","2","1","1","2","2","2","N1=1,N2=1,N3=2,N4=1,N5=2,N6=2,N7=1,N8=2,N9=1,N10=1"
"84","2","1","1","2","2","2","N1=1,N2=1,N3=2,N4=2,N5=1,N6=1,N7=1,N8=2,N9=2,N10=1"
"84","2","1","1","2","2","2","N1=2,N2=1,N3=2,N4=1,N5=2,N6=1,N7=2,N8=1,N9=2,N10=2"
"84","2","1","1","2","2","2","N1=2,N2=2,N3=1,N4=2,N5=1,N6=2,N7=2,N8=2,N9=2,N10=2"
"84","2","1","1","2","2","2","N1=1,N2=2,N3=2,N4=2,N5=1,N6=1,N7=2,N8=1,N9=1,N10=2"
"84","2","1","1","2","2","2","N1=2,N2=1,N3=1,N4=1,N5=2,N6=1,N7=1,N8=2,N9=2,N10=1"
"84","2","1","1","2","2","2","N1=2,N2=1,N3=2,N4=2,N5=1,N6=2,N7=2,N8=1,N9=2,N10=2"
"84","2","1","1","2","2","2","N1=1,N2=2,N3=2,N4=1,N5=2,N6=2,N7=1,N8=1,N9=2,N10=1"
"85","2","2","1","2","1","1","N1=1,N2=2,N3=2,N4=1,N5=1,N6=2,N7=2,N8=1,N9=1,N10=1"
"85","2","2","1","2","1","1","N1=1,N2=2,N3=2,N4=1,N5=1,N6=2,N7=1,N8=2,N9=1,N10=2"
"85","2","2","1","2","1","1","N1=1,N2=1,N3=1,N4=2,N5=2,N6=2,N7=1,N8=2,N9=1,N10=1"
"85","2","2","1","2","1","1","N1=2,N2=1,N3=2,N4=1,N5=2,N6=1,N7=1,N8=1,N9=1,N10=2"
"85","2","2","1","2","1","1","N1=2,N2=2,N3=1,N4=2,N5=2,N6=2,N7=2,N8=2,N9=2,N10=1"
"85","2","2","1","2","1","1","N1=1,N2=2,N3=1,N4=1,N5=1,N6=1,N7=1,N8=1,N9=2,N10=2"
"85","2","2","1","2","1","1","N1=1,N2=1,N3=1,N4=1,N5=1,N6=1,N7=2,N8=2,N9=2,N10=1"
"85","2","2","1","2","1","1","N1=1,N2=1,N3=1,N4=1,N5=2,N6=1,N7=2,N8=1,N9=2,N10=2"
"85","2","2","1","2","1","1","N1=1,N2=2,N3=1,N4=2,N5=1,N6=1,N7=1,N8=2,N9=2,N10=1"
"85","2","2","1","2","1","1","N1=2,N2=1,N3=2,N4=2,N5=1,N6=2,N7=2,N8=1,N9=1,N10=2"
"86","2","1","2","1","2","1","N1=1,N2=1,N3=2,N4=1,N5=1,N6=2,N7=2,N8=1,N9=2,N10=1"
"86","2","1","2","1","2","1","N1=1,N2=1,N3=2,N4=2,N5=1,N6=1,N7=1,N8=2,N9=2,N10=2"
"86","2","1","2","1","2","1","N1=1,N2=1,N3=1,N4=1,N5=2,N6=2,N7=2,N8=1,N9=1,N10=1"
"86","2","1","2","1","2","1","N1=1,N2=1,N3=2,N4=2,N5=1,N6=1,N7=1,N8=2,N9=1,N10=1"
"86","2","1","2","1","2","1","N1=2,N2=1,N3=2,N4=1,N5=2,N6=2,N7=2,N8=1,N9=1,N10=2"
"86","2","1","2","1","2","1","N1=1,N2=1,N3=1,N4=2,N5=1,N6=2,N7=1,N8=2,N9=1,N10=2"
"86","2","1","2","1","2","1","N1=2,N2=2,N3=2,N4=1,N5=2,N6=2,N7=1,N8=1,N9=2,N10=1"
"86","2","1","2","1","2","1","N1=2,N2=1,N3=2,N4=2,N5=2,N6=2,N7=2,N8=2,N9=2,N10=2"
"86","2","1","2","1","2","1","N1=1,N2=1,N3=2,N4=1,N5=2,N6=1,N7=1,N8=1,N9=1,N10=1"
"86","2","1","2","1","2","1","N1=1,N2=1,N3=2,N4=2,N5=2,N6=1,N7=2,N8=1,N9=1,N10=1"
"87","2","1","2","2","2","1","N1=1,N2=2,N3=1,N4=1,N5=1,N6=2,N7=1,N8=2,N9=1,N10=2"
"87","2","1","2","2","2","1","N1=1,N2=1,N3=2,N4=2,N5=1,N6=1,N7=1,N8=1,N9=2,N10=1"
"87","2","1","2","2","2","1","N1=2,N2=1,N3=1,N4=1,N5=2,N6=2,N7=2,N8=2,N9=2,N10=2"
"87","2","1","2","2","2","1","N1=1,N2=2,N3=1,N4=2,N5=1,N6=1,N7=1,N8=2,N9=1,N10=1"
"87","2","1","2","2","2","1","N1=2,N2=1,N3=1,N4=2,N5=2,N6=2,N7=2,N8=2,N9=1,N10=2"
"87","2","1","2","2","2","1","N1=1,N2=2,N3=2,N4=2,N5=2,N6=2,N7=1,N8=1,N9=2,N10=1"
"87","2","1","2","2","2","1","N1=2,N2=1,N3=1,N4=2,N5=2,N6=2,N7=1,N8=2,N9=2,N10=1"
"87","2","1","2","2","2","1","N1=2,N2=1,N3=1,N4=1,N5=2,N6=2,N7=1,N8=1,N9=1,N10=2"
"87","2","1","2","2","2","1","N1=2,N2=2,N3=2,N4=2,N5=1,N6=2,N7=1,N8=2,N9=2,N10=1"
"87","2","1","2","2","2","1","N1=2,N2=1,N3=2,N4=2,N5=2,N6=1,N7=2,N8=2,N9=1,N10=2"
"88","2","2","2","2","2","2","N1=1,N2=1,N3=2,N4=1,N5=1,N6=2,N7=1,N8=2,N9=1,N10=1"
"88","2","2","2","2","2","2","N1=1,N2=2,N3=1,N4=1,N5=1,N6=1,N7=1,N8=1,N9=2,N10=1"
"88","2","2","2","2","2","2","N1=1,N2=1,N3=1,N4=2,N5=1,N6=2,N7=2,N8=2,N9=1,N10=2"
"88","2","2","2","2","2","2","N1=2,N2=2,N3=1,N4=1,N5=1,N6=2,N7=1,N8=2,N9=1,N10=1"
"88","2","2","2","2","2","2","N1=2,N2=2,N3=1,N4=2,N5=1,N6=2,N7=1,N8=1,N9=2,N10=2"
"88","2","2","2","2","2","2","N1=1,N2=1,N3=1,N4=1,N5=1,N6=2,N7=1,N8=2,N9=1,N10=2"
"88","2","2","2","2","2","2","N1=1,N2=1,N3=2,N4=2,N5=1,N6=1,N7=1,N8=2,N9=1,N10=1"
"88","2","2","2","2","2","2","N1=2,N2=2,N3=2,N4=1,N5=1,N6=2,N7=1,N8=2,N9=2,N10=2"
"88","2","2","2","2","2","2","N1=2,N2=1,N3=1,N4=2,N5=1,N6=2,N7=1,N8=1,N9=2,N10=2"
"88","2","2","2","2","2","2","N1=1,N2=2,N3=1,N4=2,N5=2,N6=2,N7=1,N8=1,N9=1,N10=2"
"89","2","1","2","2","2","2","N1=1,N2=1,N3=1,N4=2,N5=1,N6=2,N7=2,N8=1,N9=2,N10=1"
"89","2","1","2","2","2","2","N1=2,N2=1,N3=1,N4=1,N5=1,N6=2,N7=1,N8=2,N9=1,N10=2"
"89","2","1","2","2","2","2","N1=2,N2=1,N3=2,N4=2,N5=2,N6=2,N7=1,N8=1,N9=1,N10=2"
"89","2","1","2","2","2","2","N1=1,N2=1,N3=1,N4=1,N5=2,N6=2,N7=1,N8=1,N9=1,N10=1"
"89","2","1","2","2","2","2","N1=1,N2=1,N3=1,N4=2,N5=1,N6=1,N7=1,N8=2,N9=1,N10=1"
"89","2","1","2","2","2","2","N1=2,N2=2,N3=1,N4=1,N5=1,N6=2,N7=2,N8=2,N9=1,N10=1"
"89","2","1","2","2","2","2","N1=1,N2=2,N3=1,N4=1,N5=2,N6=2,N7=1,N8=2,N9=2,N10=2"
"89","2","1","2","2","2","2","N1=1,N2=1,N3=2,N4=1,N5=2,N6=2,N7=1,N8=2,N9=2,N10=2"
"89","2","1","2","2","2","2","N1=1,N2=2,N3=1,N4=2,N5=2,N6=2,N7=1,N8=1,N9=2,N10=2"
"89","2","1","2","2","2","2","N1=2,N2=2,N3=1,N4=2,N5=2,N6=2,N7=1,N8=2,N9=1,N10=1"
"90","2","2","2","1","1","2","N1=1,N2=2,N3=2,N4=2,N5=1,N6=2,N7=2,N8=1,N9=2,N10=1"
"90","2","2","2","1","1","2","N1=2,N2=1,N3=2,N4=2,N5=1,N6=2,N7=1,N8=2,N9=1,N10=2"
"90","2","2","2","1","1","2","N1=1,N2=2,N3=2,N4=1,N5=2,N6=2,N7=1,N8=1,N9=1,N10=2"
"90","2","2","2","1","1","2","N1=1,N2=1,N3=2,N4=2,N5=1,N6=1,N7=1,N8=2,N9=1,N10=2"
"90","2","2","2","1","1","2","N1=2,N2=1,N3=1,N4=1,N5=2,N6=2,N7=2,N8=1,N9=1,N10=1"
"90","2","2","2","1","1","2","N1=1,N2=1,N3=1,N4=1,N5=1,N6=2,N7=1,N8=2,N9=2,N10=2"
"90","2","2","2","1","1","2","N1=1,N2=1,N3=2,N4=1,N5=1,N6=1,N7=1,N8=2,N9=1,N10=1"
"90","2","2","2","1","1","2","N1=1,N2=2,N3=1,N4=1,N5=2,N6=2,N7=2,N8=1,N9=2,N10=2"
"90","2","2","2","1","1","2","N1=1,N2=1,N3=2,N4=2,N5=2,N6=1,N7=1,N8=2,N9=1,N10=1"
"90","2","2","2","1","1","2","N1=1,N2=2,N3=1,N4=2,N5=1,N6=1,N7=1,N8=2,N9=1,N10=1"
"91","2","2","2","2","2","1","N1=1,N2=2,N3=1,N4=1,N5=1,N6=2,N7=1,N8=1,N9=1,N10=1"
"91","2","2","2","2","2","1","N1=1,N2=1,N3=2,N4=2,N5=1,N6=2,N7=1,N8=2,N9=1,N10=1"
"91","2","2","2","2","2","1","N1=2,N2=1,N3=2,N4=2,N5=1,N6=2,N7=1,N8=1,N9=2,N10=2"
"91","2","2","2","2","2","1","N1=1,N2=2,N3=1,N4=2,N5=1,N6=1,N7=1,N8=1,N9=2,N10=2"
"91","2","2","2","2","2","1","N1=2,N2=1,N3=2,N4=2,N5=2,N6=2,N7=2,N8=2,N9=2,N10=1"
"91","2","2","2","2","2","1","N1=1,N2=1,N3=1,N4=1,N5=2,N6=2,N7=1,N8=1,N9=2,N10=2"
"91","2","2","2","2","2","1","N1=2,N2=2,N3=2,N4=1,N5=1,N6=2,N7=1,N8=2,N9=2,N10=2"
"91","2","2","2","2","2","1","N1=1,N2=1,N3=2,N4=2,N5=1,N6=2,N7=1,N8=1,N9=2,N10=2"
"91","2","2","2","2","2","1","N1=2,N2=2,N3=2,N4=1,N5=2,N6=1,N7=1,N8=1,N9=2,N10=1"
"91","2","2","2","2","2","1","N1=2,N2=1,N3=1,N4=2,N5=1,N6=2,N7=2,N8=2,N9=1,N10=2"
"92","2","1","2","2","2","2","N1=1,N2=1,N3=1,N4=1,N5=1,N6=2,N7=1,N8=1,N9=2,N10=1"
"92","2","1","2","2","2","2","N1=1,N2=1,N3=2,N4=2,N5=1,N6=1,N7=1,N8=2,N9=1,N10=2"
"92","2","1","2","2","2","2","N1=2,N2=1,N3=2,N4=1,N5=2,N6=1,N7=1,N8=1,N9=1,N10=1"
"92","2","1","2","2","2","2","N1=2,N2=1,N3=2,N4=2,N5=2,N6=2,N7=2,N8=2,N9=1,N10=2"
"92","2","1","2","2","2","2","N1=2,N2=2,N3=1,N4=1,N5=1,N6=2,N7=1,N8=1,N9=2,N10=1"
"92","2","1","2","2","2","2","N1=2,N2=1,N3=2,N4=2,N5=1,N6=2,N7=1,N8=2,N9=2,N10=2"
"92","2","1","2","2","2","2","N1=1,N2=1,N3=1,N4=2,N5=1,N6=1,N7=1,N8=2,N9=2,N10=2"
"92","2","1","2","2","2","2","N1=2,N2=2,N3=2,N4=1,N5=1,N6=2,N7=2,N8=2,N9=1,N10=2"
"92","2","1","2","2","2","2","N1=1,N2=1,N3=1,N4=2,N5=2,N6=2,N7=2,N8=2,N9=1,N10=1"
"92","2","1","2","2","2","2","N1=2,N2=1,N3=2,N4=1,N5=1,N6=2,N7=1,N8=1,N9=1,N10=1"
"93","2","1","2","2","1","1","N1=1,N2=2,N3=2,N4=1,N5=1,N6=1,N7=2,N8=2,N9=2,N10=1"
"93","2","1","2","2","1","1","N1=1,N2=1,N3=1,N4=2,N5=1,N6=1,N7=2,N8=1,N9=2,N10=2"
"93","2","1","2","2","1","1","N1=2,N2=1,N3=2,N4=2,N5=1,N6=2,N7=1,N8=2,N9=1,N10=1"
"93","2","1","2","2","1","1","N1=1,N2=1,N3=2,N4=1,N5=1,N6=1,N7=1,N8=2,N9=1,N10=2"
"93","2","1","2","2","1","1","N1=1,N2=1,N3=2,N4=1,N5=1,N6=2,N7=2,N8=1,N9=1,N10=1"
"93","2","1","2","2","1","1","N1=1,N2=2,N3=2,N4=1,N5=2,N6=1,N7=1,N8=2,N9=1,N10=2"
"93","2","1","2","2","1","1","N1=1,N2=1,N3=1,N4=2,N5=1,N6=2,N7=2,N8=1,N9=2,N10=2"
"93","2","1","2","2","1","1","N1=2,N2=1,N3=1,N4=1,N5=1,N6=2,N7=1,N8=2,N9=2,N10=1"
"93","2","1","2","2","1","1","N1=2,N2=1,N3=1,N4=2,N5=1,N6=2,N7=1,N8=1,N9=1,N10=1"
"93","2","1","2","2","1","1","N1=1,N2=1,N3=2,N4=1,N5=1,N6=1,N7=2,N8=2,N9=1,N10=2"
"94","2","1","1","2","2","2","N1=1,N2=1,N3=2,N4=1,N5=1,N6=1,N7=1,N8=1,N9=1,N10=1"
"94","2","1","1","2","2","2","N1=1,N2=2,N3=2,N4=2,N5=1,N6=2,N7=2,N8=2,N9=1,N10=2"
"94","2","1","1","2","2","2","N1=2,N2=1,N3=2,N4=2,N5=2,N6=1,N7=1,N8=2,N9=2,N10=1"
"94","2","1","1","2","2","2","N1=1,N2=2,N3=2,N4=1,N5=2,N6=2,N7=2,N8=1,N9=2,N10=2"
"94","2","1","1","2","2","2","N1=1,N2=1,N3=1,N4=1,N5=2,N6=1,N7=1,N8=2,N9=1,N10=1"
"94","2","1","1","2","2","2","N1=1,N2=1,N3=1,N4=1,N5=2,N6=2,N7=2,N8=1,N9=1,N10=1"
"94","2","1","1","2","2","2","N1=1,N2=2,N3=1,N4=2,N5=1,N6=1,N7=1,N8=2,N9=2,N10=1"
"94","2","1","1","2","2","2","N1=2,N2=1,N3=2,N4=2,N5=1,N6=2,N7=2,N8=1,N9=1,N10=2"
"94","2","1","1","2","2","2","N1=1,N2=1,N3=2,N4=2,N5=1,N6=2,N7=1,N8=2,N9=1,N10=2"
"94","2","1","1","2","2","2","N1=2,N2=1,N3=2,N4=1,N5=2,N6=2,N7=2,N8=1,N9=1,N10=1"
"95","2","1","1","2","2","2","N1=2,N2=1,N3=1,N4=2,N5=1,N6=1,N7=1,N8=1,N9=1,N10=1"
"95","2","1","1","2","2","2","N1=2,N2=1,N3=2,N4=1,N5=1,N6=2,N7=2,N8=2,N9=1,N10=2"
"95","2","1","1","2","2","2","N1=2,N2=2,N3=2,N4=2,N5=1,N6=2,N7=1,N8=2,N9=2,N10=2"
"95","2","1","1","2","2","2","N1=1,N2=2,N3=1,N4=1,N5=2,N6=1,N7=1,N8=2,N9=1,N10=2"
"95","2","1","1","2","2","2","N1=1,N2=1,N3=2,N4=2,N5=1,N6=2,N7=2,N8=1,N9=2,N10=1"
"95","2","1","1","2","2","2","N1=2,N2=2,N3=1,N4=2,N5=1,N6=2,N7=1,N8=2,N9=1,N10=2"
"95","2","1","1","2","2","2","N1=1,N2=2,N3=1,N4=2,N5=1,N6=1,N7=1,N8=1,N9=2,N10=2"
"95","2","1","1","2","2","2","N1=2,N2=2,N3=1,N4=1,N5=1,N6=2,N7=2,N8=2,N9=1,N10=1"
"95","2","1","1","2","2","2","N1=2,N2=1,N3=2,N4=2,N5=1,N6=2,N7=1,N8=1,N9=1,N10=2"
"95","2","1","1","2","2","2","N1=1,N2=1,N3=1,N4=1,N5=1,N6=1,N7=2,N8=2,N9=1,N10=2"
"96","2","2","2","2","2","2","N1=1,N2=2,N3=1,N4=1,N5=1,N6=2,N7=1,N8=2,N9=1,N10=1"
"96","2","2","2","2","2","2","N1=1,N2=2,N3=2,N4=2,N5=1,N6=2,N7=1,N8=1,N9=2,N10=2"
"96","2","2","2","2","2","2","N1=2,N2=2,N3=2,N4=1,N5=1,N6=2,N7=1,N8=2,N9=1,N10=1"
"96","2","2","2","2","2","2","N1=1,N2=1,N3=1,N4=2,N5=1,N6=1,N7=2,N8=1,N9=2,N10=1"
"96","2","2","2","2","2","2","N1=2,N2=1,N3=1,N4=2,N5=1,N6=2,N7=1,N8=2,N9=2,N10=1"
"96","2","2","2","2","2","2","N1=1,N2=1,N3=2,N4=1,N5=1,N6=2,N7=1,N8=1,N9=1,N10=1"
"96","2","2","2","2","2","2","N1=1,N2=2,N3=2,N4=2,N5=1,N6=2,N7=1,N8=2,N9=2,N10=2"
"96","2","2","2","2","2","2","N1=2,N2=2,N3=2,N4=1,N5=2,N6=2,N7=1,N8=2,N9=1,N10=1"
"96","2","2","2","2","2","2","N1=2,N2=1,N3=2,N4=2,N5=1,N6=2,N7=1,N8=1,N9=2,N10=2"
"96","2","2","2","2","2","2","N1=1,N2=1,N3=2,N4=1,N5=2,N6=2,N7=2,N8=1,N9=2,N10=2"
"97","2","2","2","1","2","2","N1=1,N2=1,N3=1,N4=1,N5=1,N6=2,N7=1,N8=2,N9=1,N10=2"
"97","2","2","2","1","2","2","N1=1,N2=2,N3=2,N4=1,N5=1,N6=2,N7=1,N8=2,N9=1,N10=1"
"97","2","2","2","1","2","2","N1=1,N2=2,N3=2,N4=1,N5=1,N6=1,N7=1,N8=1,N9=2,N10=2"
"97","2","2","2","1","2","2","N1=2,N2=1,N3=2,N4=2,N5=1,N6=2,N7=2,N8=1,N9=1,N10=1"
"97","2","2","2","1","2","2","N1=1,N2=2,N3=2,N4=1,N5=1,N6=1,N7=1,N8=2,N9=1,N10=2"
"97","2","2","2","1","2","2","N1=1,N2=1,N3=1,N4=1,N5=1,N6=2,N7=2,N8=1,N9=1,N10=1"
"97","2","2","2","1","2","2","N1=2,N2=2,N3=1,N4=1,N5=1,N6=2,N7=1,N8=2,N9=2,N10=2"
"97","2","2","2","1","2","2","N1=2,N2=1,N3=2,N4=1,N5=1,N6=2,N7=2,N8=2,N9=1,N10=2"
"97","2","2","2","1","2","2","N1=2,N2=2,N3=2,N4=1,N5=1,N6=2,N7=1,N8=2,N9=2,N10=2"
"97","2","2","2","1","2","2","N1=2,N2=2,N3=1,N4=1,N5=1,N6=2,N7=1,N8=2,N9=1,N10=2"
"98","2","1","2","1","1","2","N1=1,N2=1,N3=1,N4=1,N5=1,N6=2,N7=1,N8=1,N9=1,N10=1"
"98","2","1","2","1","1","2","N1=1,N2=1,N3=1,N4=2,N5=1,N6=2,N7=1,N8=2,N9=2,N10=2"
"98","2","1","2","1","1","2","N1=1,N2=1,N3=2,N4=1,N5=1,N6=2,N7=1,N8=2,N9=1,N10=1"
"98","2","1","2","1","1","2","N1=1,N2=2,N3=2,N4=2,N5=1,N6=1,N7=1,N8=1,N9=1,N10=2"
"98","2","1","2","1","1","2","N1=2,N2=1,N3=2,N4=2,N5=2,N6=1,N7=2,N8=2,N9=1,N10=1"
"98","2","1","2","1","1","2","N1=2,N2=2,N3=1,N4=1,N5=1,N6=2,N7=1,N8=1,N9=2,N10=2"
"98","2","1","2","1","1","2","N1=2,N2=1,N3=1,N4=1,N5=2,N6=1,N7=2,N8=2,N9=2,N10=1"
"98","2","1","2","1","1","2","N1=2,N2=1,N3=1,N4=2,N5=1,N6=2,N7=1,N8=1,N9=2,N10=2"
"98","2","1","2","1","1","2","N1=1,N2=1,N3=2,N4=1,N5=2,N6=2,N7=1,N8=1,N9=1,N10=2"
"98","2","1","2","1","1","2","N1=1,N2=1,N3=2,N4=2,N5=2,N6=2,N7=1,N8=1,N9=2,N10=2"
"99","2","2","2","2","2","1","N1=1,N2=1,N3=2,N4=1,N5=1,N6=2,N7=1,N8=1,N9=2,N10=1"
"99","2","2","2","2","2","1","N1=1,N2=2,N3=2,N4=2,N5=2,N6=2,N7=1,N8=2,N9=2,N10=2"
"99","2","2","2","2","2","1","N1=2,N2=2,N3=2,N4=1,N5=2,N6=2,N7=2,N8=2,N9=1,N10=1"
"99","2","2","2","2","2","1","N1=2,N2=1,N3=1,N4=2,N5=1,N6=2,N7=1,N8=1,N9=1,N10=2"
"99","2","2","2","2","2","1","N1=1,N2=1,N3=2,N4=1,N5=2,N6=1,N7=2,N8=1,N9=2,N10=2"
"99","2","2","2","2","2","1","N1=1,N2=2,N3=1,N4=2,N5=1,N6=1,N7=1,N8=2,N9=2,N10=2"
"99","2","2","2","2","2","1","N1=2,N2=1,N3=1,N4=2,N5=2,N6=2,N7=2,N8=2,N9=2,N10=1"
"99","2","2","2","2","2","1","N1=1,N2=2,N3=2,N4=1,N5=2,N6=2,N7=1,N8=1,N9=1,N10=2"
"99","2","2","2","2","2","1","N1=2,N2=1,N3=1,N4=1,N5=2,N6=2,N7=1,N8=2,N9=2,N10=2"
"99","2","2","2","2","2","1","N1=1,N2=1,N3=2,N4=1,N5=1,N6=2,N7=2,N8=2,N9=2,N10=1"
"100","2","2","1","2","2","2","N1=1,N2=1,N3=1,N4=1,N5=1,N6=2,N7=2,N8=1,N9=2,N10=2"
"100","2","2","1","2","2","2","N1=1,N2=2,N3=1,N4=1,N5=1,N6=1,N7=2,N8=2,N9=1,N10=1"
"100","2","2","1","2","2","2","N1=1,N2=2,N3=1,N4=1,N5=2,N6=2,N7=2,N8=2,N9=1,N10=1"
"100","2","2","1","2","2","2","N1=1,N2=2,N3=2,N4=2,N5=2,N6=2,N7=1,N8=1,N9=2,N10=1"
"100","2","2","1","2","2","2","N1=2,N2=1,N3=1,N4=1,N5=2,N6=1,N7=1,N8=2,N9=1,N10=1"
"100","2","2","1","2","2","2","N1=1,N2=1,N3=2,N4=2,N5=2,N6=2,N7=2,N8=1,N9=1,N10=2"
"100","2","2","1","2","2","2","N1=2,N2=2,N3=2,N4=1,N5=1,N6=2,N7=1,N8=2,N9=2,N10=1"
"100","2","2","1","2","2","2","N1=2,N2=1,N3=2,N4=2,N5=1,N6=2,N7=1,N8=1,N9=1,N10=2"
"100","2","2","1","2","2","2","N1=1,N2=1,N3=2,N4=1,N5=1,N6=1,N7=2,N8=2,N9=1,N10=2"
"100","2","2","1","2","2","2","N1=1,N2=1,N3=2,N4=2,N5=2,N6=2,N7=1,N8=1,N9=1,N10=1"
"101","2","2","2","2","2","2","N1=1,N2=2,N3=2,N4=1,N5=1,N6=1,N7=1,N8=2,N9=1,N10=1"
"101","2","2","2","2","2","2","N1=1,N2=1,N3=1,N4=2,N5=1,N6=2,N7=2,N8=1,N9=1,N10=1"
"101","2","2","2","2","2","2","N1=2,N2=2,N3=2,N4=2,N5=1,N6=2,N7=1,N8=2,N9=2,N10=1"
"101","2","2","2","2","2","2","N1=1,N2=1,N3=2,N4=1,N5=2,N6=1,N7=2,N8=1,N9=2,N10=2"
"101","2","2","2","2","2","2","N1=1,N2=2,N3=1,N4=2,N5=2,N6=2,N7=1,N8=2,N9=1,N10=1"
"101","2","2","2","2","2","2","N1=2,N2=1,N3=2,N4=2,N5=2,N6=1,N7=2,N8=2,N9=1,N10=1"
"101","2","2","2","2","2","2","N1=1,N2=2,N3=1,N4=2,N5=1,N6=1,N7=1,N8=1,N9=2,N10=2"
"101","2","2","2","2","2","2","N1=1,N2=1,N3=2,N4=2,N5=2,N6=2,N7=2,N8=2,N9=1,N10=2"
"101","2","2","2","2","2","2","N1=2,N2=2,N3=1,N4=1,N5=2,N6=1,N7=1,N8=1,N9=2,N10=2"
"101","2","2","2","2","2","2","N1=1,N2=1,N3=2,N4=1,N5=2,N6=1,N7=2,N8=2,N9=1,N10=1"
"102","2","2","2","2","2","1","N1=1,N2=2,N3=2,N4=1,N5=2,N6=2,N7=1,N8=1,N9=1,N10=2"
"102","2","2","2","2","2","1","N1=2,N2=2,N3=1,N4=1,N5=1,N6=2,N7=1,N8=2,N9=1,N10=2"
"102","2","2","2","2","2","1","N1=2,N2=2,N3=2,N4=2,N5=2,N6=1,N7=1,N8=1,N9=1,N10=2"
"102","2","2","2","2","2","1","N1=2,N2=1,N3=2,N4=1,N5=2,N6=1,N7=2,N8=2,N9=1,N10=1"
"102","2","2","2","2","2","1","N1=2,N2=2,N3=1,N4=1,N5=1,N6=2,N7=2,N8=1,N9=2,N10=2"
"102","2","2","2","2","2","1","N1=1,N2=1,N3=1,N4=2,N5=2,N6=2,N7=1,N8=1,N9=1,N10=2"
"102","2","2","2","2","2","1","N1=2,N2=1,N3=2,N4=1,N5=2,N6=1,N7=1,N8=1,N9=1,N10=1"
"102","2","2","2","2","2","1","N1=2,N2=2,N3=2,N4=1,N5=1,N6=2,N7=2,N8=2,N9=2,N10=2"
"102","2","2","2","2","2","1","N1=2,N2=1,N3=1,N4=1,N5=2,N6=1,N7=1,N8=2,N9=1,N10=2"
"102","2","2","2","2","2","1","N1=2,N2=2,N3=1,N4=2,N5=1,N6=2,N7=2,N8=2,N9=1,N10=1"
"103","2","1","1","2","1","2","N1=1,N2=1,N3=2,N4=1,N5=1,N6=2,N7=2,N8=1,N9=1,N10=1"
"103","2","1","1","2","1","2","N1=1,N2=2,N3=2,N4=2,N5=2,N6=2,N7=1,N8=1,N9=2,N10=2"
"103","2","1","1","2","1","2","N1=2,N2=1,N3=1,N4=1,N5=2,N6=1,N7=1,N8=1,N9=2,N10=1"
"103","2","1","1","2","1","2","N1=2,N2=1,N3=2,N4=2,N5=2,N6=2,N7=2,N8=1,N9=1,N10=2"
"103","2","1","1","2","1","2","N1=2,N2=2,N3=2,N4=1,N5=2,N6=1,N7=1,N8=2,N9=2,N10=1"
"103","2","1","1","2","1","2","N1=1,N2=1,N3=1,N4=1,N5=1,N6=1,N7=2,N8=1,N9=2,N10=2"
"103","2","1","1","2","1","2","N1=1,N2=2,N3=1,N4=2,N5=2,N6=2,N7=2,N8=1,N9=1,N10=1"
"103","2","1","1","2","1","2","N1=2,N2=1,N3=1,N4=1,N5=1,N6=2,N7=1,N8=2,N9=2,N10=1"
"103","2","1","1","2","1","2","N1=2,N2=1,N3=2,N4=1,N5=1,N6=2,N7=1,N8=2,N9=1,N10=2"
"103","2","1","1","2","1","2","N1=1,N2=1,N3=2,N4=2,N5=2,N6=2,N7=2,N8=1,N9=1,N10=2"
"104","2","1","1","2","2","2","N1=1,N2=2,N3=2,N4=1,N5=1,N6=2,N7=1,N8=1,N9=1,N10=1"
"104","2","1","1","2","2","2","N1=1,N2=1,N3=2,N4=2,N5=1,N6=1,N7=1,N8=2,N9=1,N10=1"
"104","2","1","1","2","2","2","N1=2,N2=1,N3=2,N4=2,N5=1,N6=2,N7=2,N8=2,N9=1,N10=1"
"104","2","1","1","2","2","2","N1=1,N2=2,N3=2,N4=2,N5=1,N6=1,N7=1,N8=1,N9=2,N10=2"
"104","2","1","1","2","2","2","N1=1,N2=1,N3=1,N4=1,N5=2,N6=2,N7=2,N8=2,N9=1,N10=1"
"104","2","1","1","2","2","2","N1=2,N2=2,N3=2,N4=2,N5=1,N6=2,N7=1,N8=2,N9=2,N10=1"
"104","2","1","1","2","2","2","N1=1,N2=1,N3=1,N4=1,N5=1,N6=1,N7=1,N8=1,N9=2,N10=2"
"104","2","1","1","2","2","2","N1=1,N2=2,N3=2,N4=2,N5=1,N6=2,N7=2,N8=2,N9=1,N10=1"
"104","2","1","1","2","2","2","N1=1,N2=2,N3=2,N4=1,N5=1,N6=1,N7=1,N8=1,N9=2,N10=2"
"104","2","1","1","2","2","2","N1=1,N2=1,N3=1,N4=2,N5=1,N6=2,N7=2,N8=2,N9=1,N10=2"
"105","2","1","2","2","1","2","N1=1,N2=2,N3=2,N4=1,N5=1,N6=2,N7=1,N8=1,N9=1,N10=2"
"105","2","1","2","2","1","2","N1=1,N2=1,N3=1,N4=1,N5=1,N6=1,N7=1,N8=2,N9=1,N10=1"
"105","2","1","2","2","1","2","N1=2,N2=1,N3=2,N4=2,N5=1,N6=2,N7=2,N8=2,N9=1,N10=2"
"105","2","1","2","2","1","2","N1=2,N2=2,N3=2,N4=1,N5=1,N6=2,N7=1,N8=2,N9=2,N10=2"
"105","2","1","2","2","1","2","N1=1,N2=1,N3=2,N4=1,N5=2,N6=2,N7=2,N8=2,N9=2,N10=1"
"105","2","1","2","2","1","2","N1=1,N2=2,N3=1,N4=2,N5=2,N6=2,N7=1,N8=1,N9=2,N10=1"
"105","2","1","2","2","1","2","N1=1,N2=1,N3=2,N4=2,N5=2,N6=2,N7=2,N8=1,N9=1,N10=1"
"105","2","1","2","2","1","2","N1=2,N2=2,N3=1,N4=1,N5=1,N6=1,N7=1,N8=2,N9=2,N10=1"
"105","2","1","2","2","1","2","N1=2,N2=1,N3=2,N4=2,N5=1,N6=2,N7=1,N8=1,N9=2,N10=1"
"105","2","1","2","2","1","2","N1=1,N2=2,N3=2,N4=1,N5=1,N6=1,N7=1,N8=2,N9=1,N10=1"
"106","2","1","1","1","1","2","N1=1,N2=1,N3=1,N4=1,N5=1,N6=2,N7=1,N8=1,N9=1,N10=1"
"106","2","1","1","1","1","2","N1=1,N2=1,N3=1,N4=2,N5=1,N6=2,N7=2,N8=2,N9=2,N10=2"
"106","2","1","1","1","1","2","N1=2,N2=2,N3=2,N4=1,N5=1,N6=2,N7=1,N8=2,N9=1,N10=1"
"106","2","1","1","1","1","2","N1=2,N2=2,N3=1,N4=2,N5=1,N6=2,N7=1,N8=1,N9=2,N10=2"
"106","2","1","1","1","1","2","N1=1,N2=1,N3=1,N4=2,N5=2,N6=2,N7=1,N8=2,N9=2,N10=2"
"106","2","1","1","1","1","2","N1=2,N2=1,N3=1,N4=1,N5=2,N6=1,N7=1,N8=1,N9=1,N10=1"
"106","2","1","1","1","1","2","N1=1,N2=1,N3=1,N4=2,N5=2,N6=2,N7=2,N8=1,N9=1,N10=2"
"106","2","1","1","1","1","2","N1=1,N2=1,N3=2,N4=2,N5=1,N6=2,N7=1,N8=2,N9=1,N10=2"
"106","2","1","1","1","1","2","N1=1,N2=2,N3=1,N4=1,N5=2,N6=2,N7=1,N8=1,N9=1,N10=1"
"106","2","1","1","1","1","2","N1=1,N2=1,N3=2,N4=2,N5=2,N6=2,N7=2,N8=2,N9=2,N10=1"
"107","2","1","1","2","2","1","N1=1,N2=2,N3=1,N4=1,N5=1,N6=2,N7=1,N8=1,N9=1,N10=1"
"107","2","1","1","2","2","1","N1=1,N2=1,N3=2,N4=2,N5=1,N6=1,N7=1,N8=2,N9=1,N10=2"
"107","2","1","1","2","2","1","N1=2,N2=2,N3=1,N4=1,N5=1,N6=2,N7=2,N8=1,N9=2,N10=2"
"107","2","1","1","2","2","1","N1=2,N2=2,N3=1,N4=1,N5=2,N6=2,N7=1,N8=2,N9=2,N10=2"
"107","2","1","1","2","2","1","N1=1,N2=1,N3=1,N4=1,N5=1,N6=2,N7=2,N8=1,N9=1,N10=1"
"107","2","1","1","2","2","1","N1=1,N2=2,N3=2,N4=1,N5=1,N6=2,N7=1,N8=2,N9=2,N10=2"
"107","2","1","1","2","2","1","N1=1,N2=2,N3=2,N4=2,N5=1,N6=1,N7=1,N8=1,N9=1,N10=2"
"107","2","1","1","2","2","1","N1=2,N2=1,N3=1,N4=2,N5=2,N6=1,N7=1,N8=2,N9=1,N10=1"
"107","2","1","1","2","2","1","N1=1,N2=1,N3=2,N4=2,N5=2,N6=2,N7=1,N8=1,N9=2,N10=2"
"107","2","1","1","2","2","1","N1=1,N2=2,N3=1,N4=1,N5=2,N6=2,N7=1,N8=2,N9=1,N10=2"
"108","2","1","1","1","2","1","N1=1,N2=2,N3=1,N4=1,N5=1,N6=1,N7=1,N8=1,N9=1,N10=2"
"108","2","1","1","1","2","1","N1=1,N2=1,N3=1,N4=2,N5=1,N6=2,N7=1,N8=2,N9=1,N10=1"
"108","2","1","1","1","2","1","N1=2,N2=1,N3=2,N4=2,N5=1,N6=2,N7=1,N8=2,N9=2,N10=2"
"108","2","1","1","1","2","1","N1=1,N2=1,N3=1,N4=1,N5=2,N6=2,N7=1,N8=1,N9=1,N10=2"
"108","2","1","1","1","2","1","N1=1,N2=2,N3=1,N4=1,N5=1,N6=1,N7=1,N8=1,N9=2,N10=2"
"108","2","1","1","1","2","1","N1=1,N2=1,N3=2,N4=2,N5=1,N6=2,N7=1,N8=2,N9=2,N10=2"
"108","2","1","1","1","2","1","N1=2,N2=1,N3=2,N4=2,N5=2,N6=2,N7=1,N8=1,N9=2,N10=1"
"108","2","1","1","1","2","1","N1=1,N2=1,N3=2,N4=1,N5=1,N6=1,N7=1,N8=1,N9=1,N10=2"
"108","2","1","1","1","2","1","N1=1,N2=1,N3=2,N4=2,N5=2,N6=2,N7=2,N8=1,N9=1,N10=1"
"108","2","1","1","1","2","1","N1=2,N2=2,N3=1,N4=1,N5=2,N6=1,N7=1,N8=1,N9=2,N10=1"
"109","2","2","2","1","2","1","N1=1,N2=2,N3=2,N4=1,N5=1,N6=2,N7=2,N8=2,N9=2,N10=2"
"109","2","2","2","1","2","1","N1=1,N2=2,N3=2,N4=1,N5=1,N6=1,N7=1,N8=1,N9=2,N10=1"
"109","2","2","2","1","2","1","N1=1,N2=1,N3=1,N4=1,N5=1,N6=2,N7=2,N8=2,N9=2,N10=2"
"109","2","2","2","1","2","1","N1=1,N2=2,N3=1,N4=2,N5=1,N6=1,N7=1,N8=2,N9=1,N10=1"
"109","2","2","2","1","2","1","N1=2,N2=1,N3=2,N4=2,N5=1,N6=1,N7=2,N8=1,N9=1,N10=2"
"109","2","2","2","1","2","1","N1=2,N2=1,N3=2,N4=2,N5=1,N6=2,N7=1,N8=2,N9=2,N10=2"
"109","2","2","2","1","2","1","N1=1,N2=1,N3=1,N4=1,N5=2,N6=2,N7=2,N8=1,N9=2,N10=2"
"109","2","2","2","1","2","1","N1=1,N2=2,N3=1,N4=2,N5=2,N6=2,N7=1,N8=2,N9=2,N10=1"
"109","2","2","2","1","2","1","N1=2,N2=2,N3=1,N4=1,N5=2,N6=1,N7=2,N8=1,N9=1,N10=1"
"109","2","2","2","1","2","1","N1=2,N2=1,N3=2,N4=2,N5=1,N6=2,N7=2,N8=2,N9=1,N10=1"
"110","2","1","1","2","2","1","N1=1,N2=2,N3=2,N4=1,N5=1,N6=2,N7=1,N8=1,N9=2,N10=1"
"110","2","1","1","2","2","1","N1=1,N2=1,N3=2,N4=1,N5=1,N6=1,N7=1,N8=2,N9=2,N10=2"
"110","2","1","1","2","2","1","N1=1,N2=2,N3=2,N4=1,N5=1,N6=1,N7=2,N8=1,N9=1,N10=1"
"110","2","1","1","2","2","1","N1=2,N2=1,N3=2,N4=2,N5=2,N6=1,N7=2,N8=2,N9=1,N10=2"
"110","2","1","1","2","2","1","N1=1,N2=2,N3=2,N4=1,N5=2,N6=1,N7=2,N8=1,N9=2,N10=1"
"110","2","1","1","2","2","1","N1=2,N2=2,N3=1,N4=2,N5=1,N6=2,N7=1,N8=2,N9=2,N10=1"
"110","2","1","1","2","2","1","N1=1,N2=1,N3=2,N4=1,N5=1,N6=1,N7=2,N8=1,N9=2,N10=1"
"110","2","1","1","2","2","1","N1=1,N2=2,N3=1,N4=2,N5=1,N6=2,N7=1,N8=2,N9=1,N10=2"
"110","2","1","1","2","2","1","N1=1,N2=1,N3=2,N4=2,N5=2,N6=1,N7=1,N8=2,N9=2,N10=2"
"110","2","1","1","2","2","1","N1=2,N2=1,N3=2,N4=1,N5=1,N6=2,N7=2,N8=2,N9=2,N10=1"
"111","2","1","1","1","2","1","N1=2,N2=1,N3=2,N4=1,N5=1,N6=2,N7=1,N8=2,N9=1,N10=2"
"111","2","1","1","1","2","1","N1=2,N2=1,N3=2,N4=1,N5=1,N6=2,N7=1,N8=1,N9=2,N10=2"
"111","2","1","1","1","2","1","N1=2,N2=2,N3=2,N4=2,N5=1,N6=2,N7=1,N8=1,N9=1,N10=2"
"111","2","1","1","1","2","1","N1=1,N2=1,N3=2,N4=1,N5=1,N6=1,N7=1,N8=2,N9=1,N10=2"
"111","2","1","1","1","2","1","N1=1,N2=2,N3=1,N4=2,N5=2,N6=2,N7=2,N8=1,N9=2,N10=1"
"111","2","1","1","1","2","1","N1=2,N2=1,N3=2,N4=2,N5=1,N6=2,N7=1,N8=2,N9=1,N10=1"
"111","2","1","1","1","2","1","N1=1,N2=1,N3=2,N4=1,N5=1,N6=1,N7=2,N8=1,N9=1,N10=2"
"111","2","1","1","1","2","1","N1=1,N2=2,N3=2,N4=2,N5=1,N6=2,N7=1,N8=2,N9=2,N10=1"
"111","2","1","1","1","2","1","N1=2,N2=2,N3=2,N4=2,N5=1,N6=2,N7=2,N8=1,N9=1,N10=2"
"111","2","1","1","1","2","1","N1=1,N2=2,N3=2,N4=2,N5=1,N6=1,N7=1,N8=2,N9=2,N10=2"
"112","2","2","1","2","1","2","N1=1,N2=2,N3=2,N4=1,N5=1,N6=2,N7=1,N8=1,N9=1,N10=1"
"112","2","2","1","2","1","2","N1=1,N2=1,N3=2,N4=2,N5=1,N6=2,N7=1,N8=2,N9=1,N10=1"
"112","2","2","1","2","1","2","N1=2,N2=2,N3=1,N4=1,N5=2,N6=2,N7=1,N8=1,N9=1,N10=1"
"112","2","2","1","2","1","2","N1=2,N2=1,N3=2,N4=2,N5=2,N6=1,N7=1,N8=2,N9=2,N10=2"
"112","2","2","1","2","1","2","N1=1,N2=1,N3=1,N4=1,N5=2,N6=2,N7=2,N8=1,N9=2,N10=1"
"112","2","2","1","2","1","2","N1=1,N2=2,N3=1,N4=1,N5=1,N6=1,N7=1,N8=2,N9=1,N10=1"
"112","2","2","1","2","1","2","N1=1,N2=1,N3=2,N4=2,N5=1,N6=2,N7=2,N8=1,N9=2,N10=1"
"112","2","2","1","2","1","2","N1=2,N2=1,N3=2,N4=1,N5=2,N6=1,N7=1,N8=1,N9=1,N10=2"
"112","2","2","1","2","1","2","N1=2,N2=2,N3=2,N4=2,N5=1,N6=2,N7=1,N8=2,N9=2,N10=1"
"112","2","2","1","2","1","2","N1=1,N2=1,N3=2,N4=2,N5=1,N6=1,N7=2,N8=1,N9=1,N10=2"
"113","2","2","1","1","2","1","N1=2,N2=1,N3=2,N4=1,N5=1,N6=1,N7=1,N8=2,N9=1,N10=1"
"113","2","2","1","1","2","1","N1=1,N2=1,N3=2,N4=2,N5=1,N6=2,N7=2,N8=1,N9=1,N10=2"
"113","2","2","1","1","2","1","N1=2,N2=2,N3=1,N4=1,N5=1,N6=2,N7=1,N8=2,N9=1,N10=1"
"113","2","2","1","1","2","1","N1=1,N2=1,N3=1,N4=2,N5=1,N6=1,N7=2,N8=1,N9=1,N10=1"
"113","2","2","1","1","2","1","N1=1,N2=1,N3=1,N4=1,N5=1,N6=2,N7=1,N8=1,N9=1,N10=2"
"113","2","2","1","1","2","1","N1=2,N2=1,N3=2,N4=2,N5=1,N6=2,N7=1,N8=2,N9=2,N10=1"
"113","2","2","1","1","2","1","N1=1,N2=1,N3=2,N4=2,N5=2,N6=2,N7=1,N8=1,N9=1,N10=2"
"113","2","2","1","1","2","1","N1=1,N2=1,N3=2,N4=1,N5=2,N6=2,N7=1,N8=2,N9=2,N10=1"
"113","2","2","1","1","2","1","N1=1,N2=1,N3=2,N4=2,N5=2,N6=1,N7=1,N8=1,N9=1,N10=1"
"113","2","2","1","1","2","1","N1=2,N2=2,N3=2,N4=2,N5=2,N6=2,N7=2,N8=1,N9=1,N10=1"
"114","2","2","1","1","2","2","N1=1,N2=1,N3=2,N4=1,N5=1,N6=2,N7=1,N8=2,N9=1,N10=2"
"114","2","2","1","1","2","2","N1=1,N2=1,N3=2,N4=2,N5=1,N6=1,N7=1,N8=2,N9=1,N10=1"
"114","2","2","1","1","2","2","N1=2,N2=1,N3=2,N4=2,N5=2,N6=2,N7=1,N8=1,N9=2,N10=2"
"114","2","2","1","1","2","2","N1=1,N2=1,N3=2,N4=1,N5=2,N6=2,N7=2,N8=2,N9=2,N10=1"
"114","2","2","1","1","2","2","N1=1,N2=2,N3=1,N4=2,N5=2,N6=2,N7=1,N8=1,N9=2,N10=1"
"114","2","2","1","1","2","2","N1=2,N2=1,N3=2,N4=2,N5=2,N6=2,N7=1,N8=2,N9=1,N10=1"
"114","2","2","1","1","2","2","N1=2,N2=1,N3=2,N4=1,N5=2,N6=2,N7=1,N8=1,N9=2,N10=2"
"114","2","2","1","1","2","2","N1=1,N2=2,N3=1,N4=2,N5=2,N6=2,N7=1,N8=1,N9=2,N10=1"
"114","2","2","1","1","2","2","N1=2,N2=1,N3=2,N4=1,N5=2,N6=1,N7=1,N8=2,N9=2,N10=1"
"114","2","2","1","1","2","2","N1=2,N2=2,N3=1,N4=1,N5=2,N6=2,N7=2,N8=1,N9=1,N10=2"
"115","2","1","1","1","1","2","N1=1,N2=2,N3=2,N4=1,N5=1,N6=2,N7=1,N8=2,N9=1,N10=1"
"115","2","1","1","1","1","2","N1=1,N2=1,N3=2,N4=2,N5=1,N6=1,N7=1,N8=1,N9=2,N10=2"
"115","2","1","1","1","1","2","N1=1,N2=2,N3=2,N4=1,N5=1,N6=1,N7=2,N8=2,N9=1,N10=1"
"115","2","1","1","1","1","2","N1=1,N2=1,N3=2,N4=2,N5=1,N6=1,N7=1,N8=1,N9=2,N10=2"
"115","2","1","1","1","1","2","N1=1,N2=1,N3=2,N4=1,N5=2,N6=2,N7=2,N8=2,N9=2,N10=1"
"115","2","1","1","1","1","2","N1=1,N2=1,N3=2,N4=2,N5=2,N6=2,N7=2,N8=1,N9=1,N10=1"
"115","2","1","1","1","1","2","N1=2,N2=1,N3=2,N4=2,N5=2,N6=2,N7=1,N8=2,N9=2,N10=2"
"115","2","1","1","1","1","2","N1=1,N2=1,N3=2,N4=1,N5=2,N6=2,N7=1,N8=1,N9=1,N10=1"
"115","2","1","1","1","1","2","N1=1,N2=1,N3=2,N4=1,N5=2,N6=2,N7=1,N8=1,N9=2,N10=2"
"115","2","1","1","1","1","2","N1=1,N2=1,N3=2,N4=2,N5=2,N6=2,N7=1,N8=1,N9=1,N10=1"
"116","2","1","1","2","2","1","N1=1,N2=1,N3=1,N4=1,N5=1,N6=2,N7=1,N8=1,N9=1,N10=2"
"116","2","1","1","2","2","1","N1=1,N2=2,N3=2,N4=2,N5=1,N6=1,N7=1,N8=2,N9=2,N10=1"
"116","2","1","1","2","2","1","N1=2,N2=1,N3=2,N4=1,N5=2,N6=1,N7=1,N8=2,N9=2,N10=2"
"116","2","1","1","2","2","1","N1=2,N2=2,N3=1,N4=1,N5=1,N6=2,N7=2,N8=1,N9=2,N10=1"
"116","2","1","1","2","2","1","N1=2,N2=1,N3=2,N4=2,N5=2,N6=1,N7=2,N8=2,N9=2,N10=2"
"116","2","1","1","2","2","1","N1=1,N2=2,N3=1,N4=2,N5=1,N6=1,N7=1,N8=2,N9=1,N10=2"
"116","2","1","1","2","2","1","N1=2,N2=1,N3=2,N4=1,N5=2,N6=2,N7=2,N8=2,N9=2,N10=1"
"116","2","1","1","2","2","1","N1=1,N2=2,N3=1,N4=1,N5=1,N6=2,N7=1,N8=2,N9=2,N10=2"
"116","2","1","1","2","2","1","N1=1,N2=1,N3=1,N4=1,N5=1,N6=2,N7=1,N8=1,N9=2,N10=2"
"116","2","1","1","2","2","1","N1=1,N2=1,N3=1,N4=1,N5=1,N6=1,N7=1,N8=2,N9=1,N10=1"
"117","2","2","2","1","2","2","N1=2,N2=1,N3=1,N4=2,N5=1,N6=2,N7=1,N8=2,N9=1,N10=1"
"117","2","2","2","1","2","2","N1=2,N2=2,N3=1,N4=1,N5=1,N6=2,N7=1,N8=2,N9=2,N10=2"
"117","2","2","2","1","2","2","N1=2,N2=1,N3=1,N4=1,N5=1,N6=2,N7=1,N8=1,N9=2,N10=2"
"117","2","2","2","1","2","2","N1=2,N2=1,N3=2,N4=1,N5=1,N6=2,N7=1,N8=2,N9=1,N10=2"
"117","2","2","2","1","2","2","N1=2,N2=2,N3=2,N4=1,N5=1,N6=2,N7=1,N8=1,N9=1,N10=2"
"117","2","2","2","1","2","2","N1=2,N2=1,N3=2,N4=2,N5=1,N6=2,N7=1,N8=2,N9=1,N10=2"
"117","2","2","2","1","2","2","N1=1,N2=1,N3=2,N4=2,N5=2,N6=1,N7=1,N8=1,N9=2,N10=2"
"117","2","2","2","1","2","2","N1=2,N2=2,N3=2,N4=1,N5=1,N6=2,N7=2,N8=2,N9=2,N10=2"
"117","2","2","2","1","2","2","N1=2,N2=2,N3=1,N4=2,N5=2,N6=2,N7=1,N8=2,N9=2,N10=2"
"117","2","2","2","1","2","2","N1=1,N2=1,N3=2,N4=1,N5=2,N6=1,N7=2,N8=1,N9=1,N10=1"
"118","2","1","2","1","2","1","N1=1,N2=1,N3=1,N4=2,N5=1,N6=2,N7=1,N8=2,N9=1,N10=1"
"118","2","1","2","1","2","1","N1=2,N2=1,N3=2,N4=2,N5=2,N6=2,N7=1,N8=1,N9=2,N10=2"
"118","2","1","2","1","2","1","N1=1,N2=1,N3=2,N4=1,N5=2,N6=2,N7=1,N8=1,N9=1,N10=1"
"118","2","1","2","1","2","1","N1=1,N2=1,N3=2,N4=1,N5=1,N6=2,N7=1,N8=2,N9=2,N10=1"
"118","2","1","2","1","2","1","N1=2,N2=1,N3=2,N4=2,N5=1,N6=2,N7=1,N8=1,N9=1,N10=2"
"118","2","1","2","1","2","1","N1=1,N2=1,N3=1,N4=1,N5=2,N6=2,N7=1,N8=1,N9=1,N10=2"
"118","2","1","2","1","2","1","N1=1,N2=2,N3=2,N4=1,N5=2,N6=1,N7=1,N8=1,N9=2,N10=2"
"118","2","1","2","1","2","1","N1=2,N2=1,N3=2,N4=2,N5=2,N6=1,N7=2,N8=2,N9=1,N10=2"
"118","2","1","2","1","2","1","N1=1,N2=1,N3=1,N4=1,N5=1,N6=1,N7=2,N8=1,N9=1,N10=1"
"118","2","1","2","1","2","1","N1=1,N2=1,N3=2,N4=2,N5=1,N6=2,N7=2,N8=2,N9=1,N10=2"
"119","2","2","2","2","1","1","N1=1,N2=1,N3=2,N4=1,N5=1,N6=2,N7=2,N8=1,N9=1,N10=2"
"119","2","2","2","2","1","1","N1=1,N2=2,N3=1,N4=1,N5=1,N6=1,N7=1,N8=1,N9=2,N10=1"
"119","2","2","2","2","1","1","N1=1,N2=1,N3=1,N4=1,N5=1,N6=1,N7=2,N8=2,N9=1,N10=2"
"119","2","2","2","2","1","1","N1=1,N2=2,N3=2,N4=2,N5=2,N6=2,N7=2,N8=1,N9=2,N10=1"
"119","2","2","2","2","1","1","N1=2,N2=2,N3=2,N4=1,N5=2,N6=2,N7=1,N8=2,N9=2,N10=1"
"119","2","2","2","2","1","1","N1=2,N2=1,N3=2,N4=2,N5=2,N6=1,N7=1,N8=2,N9=2,N10=2"
"119","2","2","2","2","1","1","N1=1,N2=2,N3=1,N4=2,N5=2,N6=2,N7=1,N8=1,N9=2,N10=1"
"119","2","2","2","2","1","1","N1=2,N2=1,N3=1,N4=2,N5=2,N6=1,N7=1,N8=2,N9=1,N10=1"
"119","2","2","2","2","1","1","N1=2,N2=2,N3=2,N4=1,N5=2,N6=1,N7=2,N8=1,N9=2,N10=2"
"119","2","2","2","2","1","1","N1=1,N2=1,N3=1,N4=2,N5=2,N6=2,N7=2,N8=2,N9=2,N10=1"
"120","2","2","2","1","2","1","N1=1,N2=2,N3=2,N4=1,N5=1,N6=1,N7=2,N8=1,N9=1,N10=2"
"120","2","2","2","1","2","1","N1=1,N2=2,N3=2,N4=1,N5=1,N6=1,N7=1,N8=2,N9=2,N10=1"
"120","2","2","2","1","2","1","N1=1,N2=1,N3=1,N4=2,N5=1,N6=2,N7=2,N8=1,N9=1,N10=2"
"120","2","2","2","1","2","1","N1=2,N2=2,N3=1,N4=1,N5=1,N6=2,N7=1,N8=2,N9=2,N10=1"
"120","2","2","2","1","2","1","N1=1,N2=2,N3=1,N4=1,N5=1,N6=1,N7=1,N8=1,N9=1,N10=2"
"120","2","2","2","1","2","1","N1=1,N2=1,N3=1,N4=1,N5=1,N6=1,N7=2,N8=2,N9=1,N10=1"
"120","2","2","2","1","2","1","N1=1,N2=2,N3=1,N4=2,N5=2,N6=2,N7=1,N8=1,N9=2,N10=2"
"120","2","2","2","1","2","1","N1=2,N2=1,N3=2,N4=1,N5=2,N6=1,N7=2,N8=2,N9=1,N10=2"
"120","2","2","2","1","2","1","N1=2,N2=2,N3=1,N4=1,N5=2,N6=1,N7=1,N8=1,N9=2,N10=1"
"120","2","2","2","1","2","1","N1=2,N2=1,N3=2,N4=2,N5=2,N6=1,N7=2,N8=2,N9=1,N10=2"
